7242 6941 5539 7265 8711 9390 6863 6034 9358 6769 5591 7789 7352 6877 6437 6494 8092 6572 9168 6785 6425 6236 6470 9299 7024 9699 7181 7129 7887 7679 5345 7860 9196 10871 6971 8998 6742 7597 7619 11224 7796 10634 6240 7755 7184 7257 8086 6270 7142 6534 
15374 16236 13835 27424 15241 21561 17947 16117 15124 16051 19677 13867 18538 21394 14443 17691 16423 19569 19683 19955 17308 15422 12374 14143 13569 16371 15259 19853 13809 14006 17545 17820 13177 22878 13116 14686 14840 16229 19159 17101 15656 17107 18318 16167 17048 16207 15442 16924 12916 16931 
22066 20936 25254 25302 24836 24878 29038 34407 32973 26750 22444 20369 23923 23167 25865 21365 29873 24949 25001 26665 27073 29276 23395 24110 26069 31870 21167 24581 24804 28148 31599 27178 21451 22225 30538 22309 23688 25730 22735 23789 23401 34516 31412 39423 30034 23473 21722 21440 28335 25145 
45240 32080 32679 32455 38706 28599 30200 35998 33857 36726 36922 33819 34347 52314 41188 28143 30315 30041 28517 35519 36459 29919 34049 40248 35739 38072 35128 29166 34017 36781 35629 36985 41037 41516 34881 31957 29318 29829 35812 44273 34862 32760 28026 33402 40915 33127 27774 33284 30067 36828 
39870 47700 41385 45751 41818 42319 52837 51986 50914 42973 41377 42913 38593 38539 50024 39280 51040 40916 42152 54482 44575 49151 41124 47577 40150 75175 50737 48177 47302 46028 38677 43858 41569 45492 43018 47696 42050 39806 60520 46478 50957 62260 42459 38838 44902 38176 52392 39668 51128 39918 
60595 54284 60813 69827 51015 60280 64594 62004 48139 45643 69683 54462 50304 46764 50569 58920 41460 49267 65863 52267 52236 66229 46565 46923 53921 69010 43674 52812 51318 51155 57859 56086 56185 52803 50291 48884 53217 45507 50626 47336 59346 54083 49142 54880 49437 59644 59636 47030 57594 54457 
64410 53106 81466 64694 62662 62771 56616 63867 77938 58370 59099 73800 72261 53903 110012 63959 54821 82128 89374 79854 62070 69380 56252 54242 62932 64900 62735 65445 74074 66657 64591 70355 94142 59629 73266 78214 67071 63139 63602 60859 87432 78681 90770 63429 62363 50390 79265 67250 66742 72446 
57236 68251 74065 66972 82002 90917 73888 60688 70900 94773 67841 59565 91319 73662 65374 99449 65815 67352 63254 65795 68290 72096 82115 77616 78427 69537 81732 63402 94014 68343 62137 87502 67867 73863 72610 68754 80616 97570 67505 83517 91083 75653 70451 72110 65577 68110 71132 83424 77952 61453 
76957 85223 88521 99140 78093 81067 78846 77386 139238 75196 125957 71052 79249 99475 92171 93043 77423 78361 89891 89679 98155 106068 79190 112117 91055 77111 82962 75066 85850 76484 93435 80833 88896 90214 72310 99900 106383 108008 90703 90407 79968 113376 98345 88484 117561 76905 95516 75053 92141 82231 
93277 83906 83179 104966 84950 89373 118990 90018 111007 90239 105067 84941 95950 108332 90797 92351 97846 102466 85320 119372 93032 95236 95756 85075 126259 113365 82852 81215 102719 107241 95351 95694 90060 108080 108062 108746 117754 83671 95576 82604 89625 97868 88009 117217 85697 88403 87209 90099 91324 82867 
99066 102468 126921 104119 138533 119332 100526 136408 106800 137851 118511 112211 116545 110318 108798 115654 99430 115292 103271 99403 101437 130262 142026 116168 108270 97180 115833 109672 85420 106974 148620 89097 113473 105636 120080 102321 95059 109987 109051 109784 155466 110706 106934 100047 93775 95654 116819 98642 134269 86515 
134553 127814 96129 120614 104729 126403 100312 118075 125522 122975 121356 119702 112784 123739 136097 114651 125802 145244 116158 112374 119073 154093 110159 108929 112166 109759 105348 99189 113801 133326 142867 120470 126601 145771 133689 121129 106887 111365 132176 115324 99569 116374 113809 122169 99496 133712 121493 144132 117593 113887 
149338 136685 116581 120192 133716 140741 133148 125875 110879 139561 128655 143375 125552 110921 122181 137142 134448 155814 123776 126126 193980 134194 117187 129736 106222 113760 136160 146685 113385 147075 117646 139047 115716 121088 104651 144915 147354 115114 151844 133072 107489 130002 128497 118181 145950 147424 110020 135213 135379 146981 
140599 178534 185427 156007 163561 138855 129380 123918 122237 164291 157477 164891 155554 115961 129817 132353 140032 125031 139613 145123 139823 156683 162782 124793 143978 143691 166603 130727 138813 135600 134182 137606 120193 152312 135378 163602 147417 136413 155737 127487 155864 139734 125106 141626 129658 156936 123428 159163 127317 138538 
170435 157630 146939 163015 170083 150633 145074 136532 150792 171076 153246 163758 160055 138104 184168 143068 145796 168830 135756 145948 131354 163917 141389 143833 182018 127787 134434 132516 186882 137070 217688 139791 174327 177105 152743 165724 127488 194874 133954 140112 154984 219122 184223 142023 143951 154004 143475 185619 137094 150308 
190749 152802 187083 154574 165649 142436 153883 148742 177971 163105 168808 181426 187019 135312 163692 191044 216909 158145 186932 207108 165213 179220 148540 164771 152255 142692 141588 178072 150490 190321 180960 209764 173031 222752 174026 136414 168812 181508 153928 140766 146246 155107 176583 162473 155043 138823 128064 160283 123118 169781 
162105 175416 188725 185812 161447 173626 177880 156382 170992 196417 239103 180140 165995 178138 164937 177718 167142 180771 190223 182934 191418 153288 150454 150301 181773 177327 160307 173620 155604 167689 175247 183713 171055 166401 149588 157035 170086 163636 166433 170723 157319 180447 151578 161640 170135 186061 152456 161701 279649 175572 
204374 192681 185105 163190 208292 196078 176241 182733 169371 170815 172444 161445 186359 192115 193006 186543 155945 179584 163398 202078 189633 175172 172223 169694 179242 164923 248195 184573 183289 163937 158692 217026 179042 182450 198104 177733 171535 183002 193853 168116 187665 150191 167701 160908 175409 190504 211272 204673 168570 216415 
213986 155547 175196 228411 208612 196573 174754 179846 268495 219928 200755 200404 189307 180577 188402 181672 225315 185340 244012 165553 230235 178435 222968 177998 181591 205011 186628 259968 163982 196196 194767 206700 190189 173351 169467 250892 212263 191567 166941 184513 164695 202634 185962 249895 187806 221272 225466 192078 240834 192864 
252615 188369 194691 186287 182172 236313 224919 229795 169611 190012 204383 193879 199334 237662 199157 195293 211820 173971 205859 228767 191830 202921 257326 261687 245390 202540 197067 224163 185774 173583 223636 200683 191899 181894 196107 246672 264702 215718 251251 200694 216645 192060 178158 220517 205097 264097 204814 209339 201744 249996 
221077 187240 220598 238117 196592 247751 219797 306869 224649 202959 225139 213076 195356 250934 271894 199421 192681 223424 232024 266415 274907 205099 226592 220915 188778 252779 234931 205997 203486 227040 183681 208484 230127 258171 238971 210996 171067 207015 196922 206818 203079 229168 220625 208073 209308 277161 259811 243022 242901 225620 
269302 207934 203580 259162 235538 225111 259541 272043 231331 229477 251899 234635 210374 225969 227216 266620 243420 195218 213408 231309 215288 210723 198506 211032 272985 238881 221030 218392 226068 203386 214726 202438 228043 231252 212278 292048 248921 269054 222152 205644 309494 241283 205899 221674 264063 223454 217319 236420 205542 243847 
247916 217381 281368 237687 249479 310420 255099 253405 212630 261623 226989 240627 304591 229805 213926 230095 265653 239438 227100 216281 262978 236967 365930 272060 273508 249374 222439 230152 239273 229533 225273 254049 214948 194412 229866 217780 269417 278683 240307 211760 258225 226977 219613 227502 224798 243996 225540 227507 279168 238417 
243612 268568 309389 218011 217140 237927 245692 253822 269067 259876 236443 258130 363535 245487 228220 228193 243625 268494 288602 275844 273779 237668 256532 281105 224643 254318 317522 257487 218703 333537 250900 243306 244892 277623 272105 218158 223276 216400 268593 254923 247989 268494 265129 238165 232178 223768 264644 325987 287486 254614 
253389 219251 274188 276740 238446 253156 225978 276632 316185 261318 216563 246599 279739 245461 312546 305045 322162 266519 276977 253892 221593 244671 246701 294986 230415 229620 240376 265320 246590 249182 276575 239889 265048 281409 280487 228233 289938 256232 249806 278088 287884 250735 339714 273468 327958 267575 262434 254796 289219 247234 
326642 260978 281450 277489 286654 292211 240538 252233 240318 297826 239471 259138 257756 266094 258833 242466 220196 226402 263041 267251 362145 248849 228948 250130 338118 306211 303825 242732 283912 304789 293404 257333 244753 229209 339430 299804 316289 327822 277084 283211 247901 313279 279582 236412 252319 238230 258079 270479 317964 238998 
318878 302896 344668 307079 252172 269854 301550 263752 288522 277202 308012 263105 352940 276941 288185 294050 349179 272638 376930 325954 262944 295468 348763 340417 262441 300990 262069 277574 395565 253960 281802 346821 279920 286367 280298 384228 281350 378945 259092 253526 296702 266179 282505 284689 257439 300347 357489 267591 315619 332672 
283983 261761 374390 301966 272700 284531 249132 300593 267351 315280 275155 302507 295954 325989 255485 319575 343514 328663 249886 360542 249330 330047 305792 311793 304159 274458 277472 286135 292842 233324 302830 251668 261246 353585 306983 268645 353263 379691 264812 285297 276613 288822 271468 265611 302489 271233 260284 312995 290263 279325 
370921 313775 305425 317708 312907 364287 319316 334629 358308 336283 323953 319951 328505 336252 384803 289480 334417 297536 294653 242480 315602 356860 297790 323338 301417 317317 394802 272893 338659 333290 399474 300621 295591 365569 285433 281107 346983 294401 274559 247126 274786 314255 293268 384423 292613 341216 273920 419869 405924 329466 
288251 316347 303271 333910 352599 367090 299196 325851 292692 341566 307802 378727 373823 267425 279014 303029 266398 309682 298397 271575 334429 296010 297661 349849 336492 350023 286020 326689 301603 291215 285599 295393 280129 353168 283762 383875 326126 326393 335535 351363 389678 338239 374839 296303 288148 306794 294689 336651 441148 347567 
292955 376525 408855 313542 391023 312074 373942 294555 332135 310487 324438 318420 362163 321876 355428 386273 304027 326618 276104 352397 339606 348736 357042 365279 302510 329260 312686 450041 339098 296593 268210 387994 329690 379436 380331 330954 338131 307271 309304 277537 339668 340402 315153 333881 341373 312943 474961 353707 339043 318380 
370959 411610 309196 338279 374299 354547 307993 347982 358478 339941 354660 326285 312184 402443 357144 340393 326929 313815 327296 375525 333034 316717 351087 331020 453193 337957 347639 367216 370963 319742 418584 381256 310250 374191 303155 299365 316074 328830 323408 400173 347202 393251 307053 368971 380279 317699 320535 309292 330903 326992 
310175 355032 342123 377668 296869 381176 318910 337463 368608 366348 366067 335287 353129 380737 340353 397466 329392 333101 347762 367414 302712 313061 487113 355015 372297 312631 362220 372435 319180 317927 334592 415915 326860 400068 348189 465479 340689 365035 393619 368811 326957 378459 329712 374718 417627 348120 328715 367039 360545 373841 
339875 323001 348972 352058 408702 362872 346164 467073 433304 352580 326354 425896 402017 385578 321944 392191 298628 376331 357748 344265 442804 313839 346458 392508 352378 423968 350535 551181 317971 390168 430798 465600 330452 414035 352148 353022 406277 330062 336981 344522 331484 352434 349628 376649 352435 385687 377588 372512 416896 377932 
391953 412512 411731 350556 333861 334332 453202 389343 330206 375815 394449 344144 466434 322689 371021 428740 389676 382282 438881 453326 400042 362822 412734 481989 376700 440472 364701 367605 373873 507416 411017 412221 421173 379039 307964 414100 347597 339035 352747 345337 400610 328402 456367 348547 471431 401925 341746 409080 347945 450457 
372837 363986 383924 390308 428933 398252 353751 352261 378616 379009 390137 390967 422583 327686 407949 351747 370806 394188 386020 430447 385823 429021 355125 386305 370727 402723 312043 387575 416497 446713 400721 387174 382983 366364 406965 418179 390520 351900 355775 395725 344990 381396 370105 357766 385369 322270 434413 357955 372266 363834 
363479 393052 348125 384740 377153 361186 331065 526624 407972 434046 437326 444309 408978 511536 388362 442252 411664 434793 448923 440748 482249 360301 339950 381521 386145 348473 399518 431424 447819 386512 378278 392567 406357 370459 356929 509459 415779 404268 449672 487899 403244 421339 381548 486810 371655 344170 404606 398950 390353 368303 
410489 440437 351367 569378 394575 428681 369820 345263 484130 491338 389338 504217 437456 415102 529979 430576 449726 451076 382099 372815 474438 474052 401593 386761 450930 397210 360988 499371 400184 406900 439664 401605 382734 413370 386309 343810 365587 403873 414372 420418 393273 415506 361025 421862 456189 353264 438377 349021 371353 456903 
378455 401766 342207 407773 510772 374976 411957 463035 432620 384098 432776 465138 383221 397890 396956 401605 571531 422017 404534 461008 557922 416343 436299 418765 511950 466263 423185 498534 405463 485540 433614 391994 417874 559225 445497 371729 382686 474477 507257 415829 501721 361891 386267 448775 490612 545674 428262 493875 433059 404098 
412673 433778 490484 407066 443530 425117 495518 475510 386859 448037 370867 500864 431305 650276 463670 430725 569969 505411 409782 493892 383883 429758 474081 534573 414720 432032 647374 398334 447426 439330 399927 473804 444960 468138 393402 392395 616081 434239 468032 522013 462998 417866 473934 630895 363363 348675 431988 368625 435125 436607 
493884 539533 426280 421003 392615 579611 586647 453159 432298 417464 428388 542553 403417 500789 415848 495259 417499 450080 430633 658785 417294 456960 411742 373740 398312 429644 398972 380807 408983 429240 605359 466416 411578 581003 431107 425854 372572 422769 422259 419860 402953 473722 438464 417146 423403 404755 495220 475478 455578 435794 
434783 485206 451233 430968 452260 486335 400446 466113 460066 600321 497190 441748 446426 500140 470736 439048 430733 546401 511391 394596 499913 521589 615886 429789 424898 381543 471541 512788 488768 417345 435160 478079 520417 485810 410622 384066 480067 443132 423587 400328 464770 464429 399021 439183 442122 498915 517289 418410 518592 489528 
513243 493549 519221 438765 537136 497998 477429 552590 494513 505779 449980 484168 583009 455786 449441 459320 469848 536935 521153 502754 451161 433050 500946 405236 407408 569005 527748 470055 488330 457746 511789 425968 573811 497859 469345 465712 454749 493249 465980 528992 524310 526980 392690 459720 459768 486111 449587 460510 664659 431069 
430778 428157 462504 512339 512945 453958 521751 568660 474273 444858 493920 489181 524377 521789 510955 507904 463532 450388 583116 441914 576120 559570 480058 499902 456530 521556 479818 472772 552863 469232 443431 446556 438042 422626 590897 538338 406510 441386 453027 452975 501538 456267 505307 418352 599129 625536 548009 509904 453299 438250 
530566 504089 546017 426604 517844 552634 532194 493960 544092 504988 537306 489619 549260 588472 586086 426942 526031 478924 537576 570278 494565 565209 455842 536584 572927 475301 599442 519022 496635 511258 508391 471096 511458 518619 426775 582821 507329 444041 518219 523681 402007 599048 506389 481746 523286 548911 515614 446745 511356 556056 
522298 510178 518097 539756 512538 505928 451957 556199 619062 470818 498591 466405 534948 407928 481260 569161 486092 511590 520142 538193 569840 569557 486293 500189 785154 459883 493522 544600 584869 534894 559377 516995 492546 509724 561832 535646 519908 493739 501180 499352 523655 550645 453819 498290 517436 538593 554829 539088 424590 470210 
597292 505941 539322 619763 503253 537656 611636 596833 473584 473728 540917 473357 524572 530137 479062 471323 526116 636133 444742 527919 488555 511973 567307 449522 509100 457629 604123 520080 474314 559271 474134 533018 574334 463102 541889 454604 598130 441380 504706 498949 573814 488010 593601 520008 582882 502079 487782 529507 518537 493873 
567311 481180 529813 475912 651813 513289 526019 491289 541295 480492 516970 558518 495648 493763 539183 584649 504031 444763 417976 586182 453465 614450 666984 535216 501588 520218 510762 472569 558406 729238 426232 634346 552157 656157 642582 510282 509632 489826 499221 662150 630747 552284 473019 511896 444091 529616 604547 610162 509498 582940 
497710 520987 578396 536212 521645 632151 578914 856408 574864 542221 541873 558130 527353 587285 479897 515271 614889 453635 614656 540858 464014 534157 510323 603254 467796 496889 650160 581914 544409 669281 588452 586208 575748 492345 522195 543140 479687 610123 581015 594484 579161 527065 487080 572969 688416 493035 568054 523178 603402 540975 
507257 605304 557969 614320 549928 530085 565277 596837 491604 591807 519518 697949 555566 512691 478021 642220 679756 530805 503829 479104 584960 620337 574133 607950 510723 543358 595479 606720 569056 681675 560164 562568 541555 624975 561594 566773 499262 542734 552703 722985 537487 473734 522200 679896 706626 487819 559173 625346 592257 571940 
804321 551580 507146 608725 540358 668023 572388 554786 486747 602352 566276 571670 677901 550356 668296 515223 539615 560264 654549 568118 601784 495420 651490 560146 497720 547000 578398 565507 571974 538204 640645 623951 598261 717050 675344 560944 582232 563369 614947 523701 501590 564974 698988 551992 508072 580314 469195 579411 548444 540365 
481575 585920 546323 826845 715706 613105 587302 568176 628502 561248 621983 501631 561326 550291 642606 668186 571587 652170 661755 491548 523060 707408 638932 535433 608929 644031 605811 631197 515248 615087 664495 580422 540345 667207 542545 694694 556060 625549 545671 594722 623675 608103 626513 607046 638600 673065 491063 619168 656133 579787 
502709 610678 607960 627624 551341 547931 662400 625477 564182 710745 558559 662109 642655 662395 597245 689481 725881 626339 619129 595968 512594 599215 704975 550288 592997 563172 629525 635223 628040 582843 624925 564316 616728 588992 621113 596009 549378 585375 674202 575813 600103 577913 485427 506451 618751 555880 719449 643888 601026 537166 
653810 654798 538849 622438 586967 728509 628375 533534 641930 649290 540138 582579 609408 554479 617338 624042 799222 578175 592233 580375 753472 602063 577615 614052 707487 665136 620119 708160 499393 643584 691370 628764 572416 752076 600777 570745 509705 635124 623491 579023 609119 473247 569993 535253 523167 661635 600587 636939 594942 544316 
673819 759048 575027 651523 639976 635599 628153 515184 549838 531651 659880 826245 703675 596485 605346 624114 516144 671207 761708 583792 635121 591669 642286 604540 634876 588074 709156 686341 547475 725766 529436 787321 649670 560431 698837 610726 594041 610593 560086 645679 728755 569628 622520 586152 712598 651656 554261 652465 632483 746038 
644296 575111 617739 608613 720466 648871 601665 543048 636919 590986 725077 545804 518051 561973 570099 756535 638975 555528 604140 622335 592913 682038 656179 600489 739246 680013 702385 573371 616797 641099 598192 630718 672682 635308 533197 615811 712334 608636 616614 611030 535020 574169 578834 583914 763724 654537 557332 608246 617531 940823 
649651 649364 636781 642627 672605 592918 567509 726960 623526 567602 634669 644175 560643 686586 606483 598594 622250 637813 655387 602320 564049 621329 611655 703826 618815 697524 572910 604391 626311 616359 785157 602870 708867 592782 615369 732823 636627 686567 644590 664214 709270 610972 544890 615244 692259 559063 642548 796300 732679 533143 
589101 624679 725445 623578 724015 681192 631035 686599 733342 780121 714641 777549 713945 708662 541545 664241 738538 670311 595674 620770 633338 810567 762257 673551 612002 686944 867611 671264 546005 655166 578923 667863 675321 659864 676749 754336 1000859 724880 647529 634740 742197 784340 661497 673606 572476 724806 609919 647570 671787 572528 
601704 661428 752120 708403 709996 574206 670564 690525 645550 676326 602035 602759 619933 663526 653470 663789 1000394 813266 602920 702288 652689 677124 706268 643607 813211 674881 550897 607520 614331 640874 618267 665982 659979 755805 718790 622438 554274 731488 813740 605009 600321 627167 591974 560844 628373 654020 613250 667239 619810 770015 
620823 600634 738913 819399 720657 707667 854376 705029 642640 613883 637362 730306 684824 865194 605082 603318 664148 706393 603449 699122 631968 706470 718141 624334 705177 786369 722794 684328 683147 787312 809955 810176 630077 629644 675497 761883 665575 635679 703140 746392 707743 653508 655037 652610 649275 654213 752848 664670 671865 681916 
671122 622479 720470 791508 639063 647031 800631 992233 847053 654427 684542 699777 776631 703274 675983 671765 641218 727490 739265 736884 846602 762074 760510 753587 658804 711042 665757 750899 588579 813861 657290 587112 619659 776533 598137 702802 640678 878037 717144 698020 630800 584791 703864 803255 755711 640518 628204 792874 721498 642427 
727289 642132 560152 734755 719970 676762 683636 831471 792760 672277 624119 664672 708690 873916 632277 702412 632740 702551 643967 718118 693750 725452 831580 711229 707142 778219 583741 735349 618947 726240 770694 724669 677782 702123 891269 647726 696471 728103 718894 689054 655801 699805 746774 657793 615035 632067 703170 690749 776333 958194 
701636 660528 685856 698065 826762 759090 685975 823811 719380 884424 712281 639524 704922 800015 644945 631377 619633 643893 619705 600849 651124 888074 642903 830151 722846 817984 738012 698166 649330 794322 736823 826666 687155 687917 723316 803086 666846 883655 674135 733341 806178 858407 718669 693188 879435 775713 591823 616585 923836 792132 
724860 695363 774027 729171 735749 717442 673633 797712 815530 680925 655216 677825 705000 683201 705368 754930 687304 680389 703295 772612 770899 730999 808895 694594 798949 787774 978204 698070 696590 699500 804585 743665 868875 742065 696738 658881 734957 1106038 678764 874644 686032 751026 702272 705794 767599 652220 755476 599289 693962 858085 
874725 692433 807995 974214 727948 733139 730512 919816 747841 692938 669957 726715 781672 700514 743201 740728 848290 696040 745370 715703 727029 700574 871287 697415 749379 699032 645669 746895 717041 740295 765047 765903 900932 643254 659613 819775 729284 708064 833423 742881 748676 704809 809761 639653 936276 1047492 689203 673169 687240 760010 
728240 718613 826665 857836 706777 770301 649073 770058 786603 695527 1079969 702220 833870 745355 669949 719681 826076 763671 861993 701928 967587 831399 723799 807106 744173 827167 694081 687473 732899 674606 654259 836372 667649 639175 709983 809771 894878 715048 761519 802648 750078 766844 768667 797950 850240 886386 889068 676923 788414 635331 
766592 728589 702055 884240 688923 735735 800076 753588 837222 725265 735484 1025506 727727 860449 755772 697717 786745 864013 694259 899518 712309 725642 630935 717194 723273 807591 747925 963197 745409 772493 829253 695712 941044 683332 749983 718553 648678 713855 781271 747431 1008815 725592 856001 737326 805499 811002 724430 801077 844563 716183 
730846 784770 732483 732284 743701 734422 736740 804343 794990 685596 799920 693121 841093 901547 780487 868267 654553 1002815 828333 856965 883459 794135 932646 766762 891146 858578 888574 691855 689503 864520 783193 661833 684352 779879 817017 942753 773517 698463 703323 749282 835262 726202 698603 861292 724695 834169 807150 768715 829441 733718 
948137 861947 830415 768584 749658 788255 767590 958356 789247 807087 779470 776384 689692 820615 873733 1208080 787519 742563 729831 737424 946936 866828 993261 840626 806763 729360 830904 797354 898739 818117 759114 823286 813348 814571 743870 750943 849444 813118 725881 1087492 892262 829660 836705 787497 707328 972242 753778 920407 911730 724185 
1195336 868405 749960 697320 763009 808003 771857 925868 680140 950738 791692 897524 767714 676490 856754 788373 804834 1097115 846887 932154 777143 714395 727469 834979 971417 872606 930109 696314 878007 865226 984152 830612 788906 947253 760173 824391 892418 833283 1116501 823827 840765 765302 700459 669562 771493 731079 765310 825267 789737 735065 
878930 794015 821588 859297 804480 690362 872069 790095 814678 773750 773619 830765 966027 908541 757863 883178 754049 802804 835084 754981 775531 885043 941015 837579 983703 922912 865491 817589 822303 720803 744616 903059 722849 968417 824667 851659 780723 772862 815047 865720 705563 860550 740895 740135 909403 791302 796507 759710 779180 846132 
1090460 1042480 810352 872632 834460 930219 840564 1175214 915863 832182 814456 841073 727843 1076814 918086 864082 918438 810751 784670 1076613 813427 828077 749006 779505 780824 725715 838157 851835 957328 740232 847542 884047 772776 709291 806690 801106 829583 767549 787718 859044 800762 788737 771070 906209 831149 878827 837844 931549 806331 837458 
690398 913727 884759 747827 814140 1157850 767553 846042 714086 719485 800381 906469 804757 947720 843779 932510 844055 792458 841796 892708 839523 871109 761164 742537 720078 719314 825498 898624 1005946 1048999 929384 747121 801964 903559 1090016 780075 810786 772117 683724 824082 821133 792309 800061 957587 830050 995418 753937 778526 893035 782262 
874434 949828 786857 896460 863332 772068 811056 954182 740857 839074 923184 756430 845278 878036 809866 772490 801349 962469 851692 735549 819935 782081 818377 769045 745062 912286 1003096 975635 870574 751562 807664 999713 860858 783545 862946 781471 916993 908255 868861 766277 815005 922367 902946 861942 1027829 827577 758358 807518 782689 876056 
868798 953768 747150 927919 938275 1015326 1066486 800397 882400 953686 784665 869032 863147 939807 876664 891288 937742 845276 818573 787642 810932 905595 966735 894435 906234 832120 910115 757918 869425 840303 904326 1011776 884057 896394 814491 856711 904246 830206 946134 812063 752483 971553 999857 755197 837820 896099 1008710 798558 753168 1038311 
767103 866256 1022233 799378 955281 834151 927644 869984 741400 894548 812845 822737 903374 825246 825011 811738 799253 996445 958702 969509 1076057 763706 788658 816966 791401 805459 851620 1047564 926195 736556 806498 850813 889299 1137344 924930 754770 909673 802412 1037345 775425 910670 1094937 1056926 761010 899481 898374 1147811 814010 941453 970287 
858586 991350 1027078 859178 1158802 877502 869904 966180 842212 874716 880750 1051507 918005 925109 798770 865176 960283 798559 900889 893094 979356 925753 1013434 1306279 796845 802018 822429 947873 816470 844215 878071 927334 925331 951990 864098 952827 979623 1005565 789434 872117 1067664 1051940 900670 909992 1268607 842220 850779 934144 918141 844359 
988252 903223 810985 988883 879134 889502 895320 848256 932428 856883 837120 821970 913948 1018609 886435 846990 937269 1200354 1060252 928357 1018112 813323 897430 1007467 819556 850852 898352 899281 1034936 896119 866983 854669 861300 945914 966623 921934 900491 984596 1008515 1096091 860513 834775 1078707 1003154 832108 1157998 792768 1004455 912226 747519 
1225226 985384 1068801 913491 1150646 833786 844062 895005 922429 936009 923680 878055 953160 1014592 1005819 872069 963397 815073 865651 921904 972087 854800 907360 1018480 916090 921767 1136909 951663 931291 1132052 877858 929410 841305 922770 970624 779281 882773 1042781 917253 962288 1035916 917725 904007 877028 837081 934016 821702 1040114 997890 849645 
793541 892488 928256 919219 928515 886974 995518 1007683 1005461 842740 979249 970195 909005 982765 976508 1052610 909243 1030405 914275 922857 793393 951671 1073864 842486 975226 879318 1004178 817114 1211520 920215 968450 820363 958787 969233 948039 921344 844280 787655 836160 908868 1032929 963211 775190 834811 923718 855961 921512 900746 802038 877276 
962874 921566 941440 1355024 927960 910579 898171 1000435 934567 999066 1029479 1028116 938693 923457 889769 977198 939042 949929 913543 863441 1449541 841025 1007946 774670 905580 1014818 932785 827501 976596 883238 937235 834166 850649 1169340 950649 954420 956047 1033574 925194 958797 909308 994663 1055207 1021388 911929 769403 1012274 877588 985690 995009 
997914 1046768 1041074 869447 897758 1066330 1112353 940177 878534 820613 835606 895359 956842 936515 898206 1073027 898713 935777 978011 1083849 1014933 1138269 1119887 997693 970705 994805 1040699 899127 1031746 941327 1189841 1003177 895199 807738 985145 1106685 1027700 1175823 970852 809655 918648 1023469 897230 980053 1050374 1235613 1228236 956454 931930 1043795 
849881 1060871 909374 945877 980287 835937 1081193 1021762 1060187 1019504 966062 929124 872826 950228 1051021 1127081 1173104 1016860 947747 1308957 963666 1055111 1007040 854326 1000197 1173236 1055728 1067273 1033627 895718 1026710 936804 1040930 1174625 1075361 1042820 909592 978002 997768 921902 1163483 1032515 895551 985909 981842 954076 974955 1042393 1234396 936824 
864153 1094441 1079982 937626 1065014 979791 1082919 970934 931702 933723 916990 950374 963788 1084612 879465 1021928 834579 931455 1002420 1100821 1001477 1117163 1032954 900602 938202 957659 954409 1254258 1015826 969091 1048395 878398 876273 1033945 963881 922524 961267 1212164 988218 949347 1068115 962513 1113654 916546 972760 932555 803092 1025806 1214944 1038110 
1065545 953462 901235 1083116 953682 986713 991057 1088243 1131802 990290 958130 1057244 1048870 970100 923822 1187898 1087223 857458 1001304 977366 871025 1120253 872838 898470 905179 1023479 972341 1140181 1029656 1247062 966938 1088172 1107677 1086611 882144 1001079 955739 974832 914215 998876 1057882 1292405 975315 937251 1166738 1002868 1092106 818267 905352 972053 
1051316 1011823 1050084 1058050 1022860 847600 864338 938356 1066172 999150 885406 1056246 1147911 938585 923208 939609 943734 1075224 1007299 1029539 1097065 1109612 1057209 1053867 805516 1173625 1000698 1066770 1127141 920488 944500 968011 1114484 846248 1072230 961032 1042578 959216 989585 964027 1143684 925430 1108946 897416 1145880 880566 1030771 994539 955311 1070695 
958230 1078900 1473558 864093 1021670 1025664 1087890 1005910 1154724 1084452 911529 1028090 913301 958299 1026482 964402 1032994 975338 829927 1083502 1090073 1094203 1028246 1005420 1040088 1248313 978575 957984 930982 984406 1014808 1217754 1031367 1131144 1459980 957319 909047 1009175 1323797 1051097 1042394 989136 938752 1002256 1015955 1024401 839577 1030663 1013412 1057638 
930190 1336923 1148574 886196 1079375 1053031 1056026 896666 1057489 1167633 854786 1088703 1051389 1116255 929999 972377 1032342 1186094 980417 1026500 1176828 962498 1168631 1031796 929365 916158 1191352 1019321 1058376 1000758 940811 1278415 962215 1198354 1035869 1053473 1204609 1062904 1092376 1077031 975407 990179 1070721 1033895 1159099 1007270 981144 942181 910674 1026453 
1460432 940700 926757 1241867 985137 987029 1018697 1122366 1029860 1036155 1032032 1148611 1195818 1263061 1126551 1174621 1001128 955346 941290 938299 979094 1045267 922939 1150390 1070685 962338 892579 1038912 1209286 1362554 1010477 846207 1065885 1056465 1544478 1154994 1051170 1012612 1177123 1319636 1124815 1175369 1245845 1272248 998837 1087928 885313 1071035 938300 1051120 
806636 1187022 1023384 925459 1002677 989467 1105002 1038984 1075018 1051294 1370878 1238246 893646 964844 1004523 1098692 1015303 1133397 1168363 1116072 961069 1032424 1143896 1056756 1141101 961016 965748 1027652 1175198 1059704 1168321 1039038 1179568 995151 967598 1068999 1030168 1148149 1117182 1058834 1133066 1059896 1079929 1093145 1071725 1096040 1149579 1019699 1005113 1017426 
947766 1562801 1139950 1067193 1054754 978883 1174532 1287300 972748 1501640 1011660 1215430 976443 1114526 1090359 932365 1170616 969525 1258270 1025699 1087788 1081614 1104549 1000546 1139036 1158998 996383 1136748 1133227 1377499 1016087 1030773 1297979 957366 1026326 1075944 908274 1127186 1067154 977981 974188 1122724 1110061 1016547 1372041 1253417 1005387 1431385 1155697 1054165 
1059462 1169489 991098 1078168 1105256 1022840 1047013 1116805 1035959 1074978 1206210 1132815 1144522 1065999 1187016 1169200 1526461 1169406 1039262 1142290 993919 1333180 959786 1179274 1266619 1036113 1105345 927926 1142739 1459166 1089969 1088911 1128407 1143793 1087911 1042534 1199201 1230920 1072920 1127691 1444463 1005143 1301469 1176500 1144443 1107086 1418023 1121427 991009 1025785 
1010476 1063618 1016570 1095908 1001702 1047642 1144632 1165034 1104825 1020523 1068397 1317189 1034897 897404 1188181 1000893 1132902 1116483 1194853 1222538 1040509 960465 1158630 1029458 984352 1131308 1083735 1437626 971139 1201256 1198031 1236908 990748 919624 1114233 1324504 1251064 1066763 1145939 1454552 1028264 1050151 1020906 1114526 1122070 1120628 1148010 1006939 1203128 1013179 
1110877 1146994 1141835 1042134 1110506 1262880 1195026 1071871 1105783 1080081 984001 1227662 1039738 1081900 1250452 1019603 1598865 1204030 1049949 1197200 1140299 1021994 1213428 1129654 1061777 1203548 1031148 1216260 1253429 1082094 1156577 1006265 1041830 1137207 1365062 1298904 1120523 994543 993283 1033328 1506346 1145392 1183849 1192545 1054086 1108982 1205038 1304133 1107395 1009500 
1057828 1193386 1306486 948308 1129120 1033055 1206170 1212715 992549 1464052 1061145 1281876 1086478 1151400 1055016 1120049 1170613 1140253 1193104 1192705 1179273 1472231 1115236 1187702 1282406 1131082 1140474 1123665 997607 1091920 1075986 1090608 1086329 1298961 1352341 1076554 1008188 1043569 1103772 1327228 1237564 1000439 1145181 997860 1007988 1098540 1136113 1072401 1171526 1034186 
1229133 1196804 1044534 1066512 1089764 1080614 1252974 1008323 1079193 1107149 1118672 964445 1191851 1663250 1071967 1110746 1288553 993243 988192 1148341 1034226 1104308 1206689 1034004 1143628 1086152 1122858 1045517 1153191 1105783 1078689 1022982 1138022 1129448 1195936 1062041 1158754 1258966 1202512 1132991 1205060 959799 1123771 1288015 1111779 1121655 1234877 1301127 1002343 1277304 
1156533 1226757 1144509 1287739 1301984 1167309 1170130 1102997 1101332 1121790 1257501 1069509 1196350 1200104 1260847 1105776 1077352 1442439 1121120 1124894 995932 1138013 1250109 997233 1060624 1129574 1676478 1197448 1019345 1064973 1082698 1085670 1392784 1103289 1269317 1139630 1303466 1205600 1064613 1098064 1110461 1205559 956728 1044111 1188266 1035711 1070677 1144378 1167610 1062388 
1057145 1120810 1032488 1172831 1116726 1165464 1055709 1090634 1009638 1041576 1182452 1308306 1196309 1076717 1038313 1067687 1135904 1132083 1092006 1060493 1054639 1111214 1179374 958991 1026904 1167212 1096855 1281070 1258326 1229868 1306562 1043399 1127561 1124623 1098288 1112971 1049466 1078852 1200595 1189649 1175701 1333517 1446996 1017900 1065562 1166574 1096022 1129292 1260137 995338 
1166875 1081426 1444900 1286463 1130728 961140 1165745 1493261 1148260 1262313 1065745 1090279 1448899 1335513 1128700 1196609 1153822 1200502 1093953 1385279 1086712 1250091 1259522 1083944 1202520 1232250 1366906 1310841 1064551 1029337 1155507 1153277 1178356 1199987 1038791 1222951 1203514 1379890 1108018 1284504 1116072 1385301 1524114 1114905 1087573 1050971 1242496 1206428 1285228 1206005 
1157337 986585 1196124 1344126 1145050 1112229 1236949 1152828 1128152 1209374 1310424 1086492 1130708 1165424 1135372 1253701 1181052 1197878 1401172 1140309 1139714 1089192 1130635 1344434 1086547 1504440 1100033 1501955 1336810 1194903 1238830 1370233 1298151 1080546 1154959 1255561 1308044 1092833 1225489 1105925 1125721 1597037 1503581 1492576 1094792 1103170 1134677 1274637 1281831 1070849 
