8742 8785 9145 9430 10969 10134 8832 8011 10285 9070 9699 9309 10643 8122 9226 11001 8825 8400 9292 7713 14235 9359 8738 10837 7848 9937 8846 8053 8232 11396 9919 10665 11350 11501 8647 9888 9442 11333 9539 11734 9035 10758 8491 13128 8186 8858 11197 8512 9226 9563 
20301 22720 20291 28444 26011 22816 25320 19360 24160 20749 22137 24203 20552 23537 18241 18541 20437 22979 22112 22653 24222 22896 22270 20330 20148 16926 24909 29657 17724 18515 19454 22619 21340 25921 20205 21146 20496 19587 20470 25642 16742 21183 19583 20397 20145 23168 25417 22901 19401 22827 
29661 28384 31978 28424 27241 30830 33693 39594 33013 34107 31038 27623 39050 31012 47455 27390 40847 30475 32061 40109 30237 35002 31291 29931 29012 33259 33898 34635 34345 31160 37614 32393 27090 31700 38299 26492 31998 30149 28299 31873 31314 35092 34127 39857 35582 32640 38444 28444 34290 26946 
52269 49595 42165 38908 47137 42607 42385 42792 44166 44048 57841 42914 47995 52970 48150 41525 48200 47130 37742 44262 38810 38877 46116 40312 39903 53500 44255 37715 42751 45651 40415 44409 52529 45665 47883 37779 48866 47610 42599 48582 48214 40687 48041 42871 56615 42255 41962 48482 36721 56463 
54651 59435 54119 58165 47190 51120 68406 56188 67891 54576 76195 53450 61805 54087 52326 51630 55270 48777 54441 63403 50648 62536 51853 59573 59959 80251 61965 60894 57584 54448 52306 55091 70015 57143 51048 50033 53419 60642 65537 65605 63758 63144 47702 68746 69903 52834 63694 52414 76057 53756 
70626 71794 72832 75258 61929 63883 72856 71188 65048 59484 76075 74200 59442 61008 62672 63523 66596 64560 76138 82737 57182 71942 80016 56870 72661 87144 65581 58698 60321 79620 66221 75336 79413 72040 71469 66635 81816 77814 64391 79499 66427 70146 69874 60346 60283 74676 72827 81626 65449 61750 
80832 80676 117329 75378 101156 71252 77332 72872 83625 72114 70884 76475 77804 94804 117723 75189 79705 92512 105612 91515 82066 78706 79501 74114 83883 83736 77902 103252 97191 86099 91542 77998 100601 80901 92232 81949 80102 85191 75879 79540 89516 82246 106760 80630 75529 78873 93486 81921 88780 82679 
77636 103145 103488 92071 107972 96547 100492 83623 81816 109849 87723 86644 104706 81505 84714 115467 96430 93127 127896 92567 81018 91707 110846 96157 95407 85438 91437 80307 99380 100357 91931 92816 88363 107579 87336 91815 97948 101386 99191 113597 107298 100396 85674 90231 83165 91440 95414 91068 92215 88229 
90710 111579 114676 122125 107580 104679 111362 102031 139393 106730 132284 94508 111617 116123 100446 115176 97758 108336 124093 116839 145480 107762 111045 122219 103642 111411 113147 90335 118018 116083 122119 131810 99863 125103 101546 110077 119828 109830 106926 116708 118141 123519 103969 101779 122238 111195 105841 100020 93759 97100 
122077 104375 114979 122819 123469 108521 164007 113611 122444 110960 123076 159492 120472 114181 112829 125790 127827 120249 111091 130914 111427 126514 101997 103010 126616 120792 106265 108117 122658 125533 117769 134123 105198 122569 122778 108991 126389 108639 127371 123217 139308 111335 102094 133993 110351 133328 102160 135762 161092 131714 
139387 138431 152954 137244 140408 138031 134291 153924 130724 155271 156818 140280 121070 127307 123724 149198 137968 121901 136422 114976 115185 132853 166870 121278 123247 116535 138889 123176 109700 125253 155103 135964 128429 134160 176163 139251 107557 138570 130632 137864 265082 125841 164250 112480 128224 130100 133363 138605 137555 149412 
138820 153629 163521 139548 148154 153789 152088 136124 155011 179014 175056 165911 135540 148426 180708 140429 145662 162834 156923 136246 139243 154193 145522 157276 136485 137405 151511 175135 158456 150653 182915 203783 163799 160936 145512 144305 139817 146114 144002 131317 129989 136473 139513 135547 149317 154412 146289 157184 120810 141150 
181609 162970 169904 143635 148143 168430 163953 172569 167406 150862 178007 148975 147371 135404 168231 167813 162035 189034 166842 170759 196431 158525 137623 165085 165612 171697 168650 177422 153671 174885 142496 151619 141753 192241 157135 176537 160769 184501 171812 170876 148123 160966 171091 146803 176721 157474 147091 151035 160014 185053 
189441 194016 209474 166248 172844 162557 191801 174537 146798 188074 186331 207531 162723 158367 170395 181380 184626 165541 159051 177501 167429 183875 190328 186472 213814 219530 168828 160956 160930 184574 163722 164799 159246 158807 178595 175116 172365 169501 189062 169888 159471 157745 167294 153055 199732 178676 220075 164034 201525 162412 
195902 184080 211653 196868 172916 171264 199551 222969 180249 261204 172383 171047 187748 192956 215274 177446 198555 199918 171214 171470 191339 179147 182947 182073 205809 173449 162250 176756 201940 188231 228329 197797 192611 218375 202139 203736 182939 219510 163087 189257 193041 252074 206242 191168 249639 182562 179585 200661 206620 167370 
211528 216519 218554 229986 189293 187846 163109 223202 204510 207009 177265 208052 201407 251566 222690 217177 231447 222127 238947 220858 194555 186209 204006 241790 193758 239798 264647 194442 181537 194321 227564 273082 200964 229898 208741 189859 191944 212259 178647 171823 206768 235823 182618 211706 217424 202484 201178 160844 178993 222432 
220651 194541 218885 245341 226182 219302 247066 239467 227247 228415 265682 196399 235829 200084 192975 257472 200026 226269 202190 199556 202228 183581 207021 244331 242826 199295 191662 188469 208050 222784 225525 208974 254106 214596 206409 219623 227437 218570 219673 241670 244212 198480 212978 233328 217796 223846 199743 221031 313654 192204 
241908 227332 255588 192446 243800 215942 197988 242843 218227 212366 249854 192309 241456 206267 250629 205227 235490 232990 222082 212903 259073 249434 230361 198670 249194 223096 257639 233659 281283 232225 243650 287454 218506 244689 223725 206728 208832 314944 259102 208585 225478 220391 230341 200286 251170 238531 258891 219549 219317 228918 
233068 246032 258822 313655 222560 238085 246803 245830 297180 232791 245266 246282 211185 272045 273104 242479 243854 248941 257910 229849 272541 231202 226417 252300 264762 216273 224716 265548 242915 229790 214324 239314 210492 224720 232280 257532 265312 214492 275488 262676 206527 255673 227786 313953 236978 250517 316480 237702 253317 248295 
256493 235422 295537 271333 277007 260329 259656 243151 318165 277266 278875 225795 275455 269853 305975 254481 337170 235891 251791 246648 222415 250986 289562 273070 259492 249184 235645 269360 248817 278242 258712 224619 243593 314305 263742 265123 265552 321501 261690 242331 239192 297017 236247 303221 256498 269745 235770 258480 317726 260484 
293995 267362 274997 250462 257475 311827 237394 319746 264572 236250 265574 261102 245914 278380 313718 316702 268265 252790 324565 296463 285684 265757 254602 259116 273200 253116 278203 257044 271132 245586 259754 287763 259541 292335 314187 245564 256618 270005 257661 294382 261133 307688 244191 255792 299458 317270 304831 259443 265776 236486 
290065 319170 272364 278068 253465 262416 272734 293838 293873 264440 256633 352976 295384 286134 273463 311127 293724 251256 273323 391290 303414 247306 264792 250801 349675 333586 275526 263490 266222 260329 290299 279702 250861 255974 257279 307755 310430 315113 309898 272693 311873 272745 321160 269230 280578 267454 258948 276688 273255 293063 
302055 282376 335223 312429 293952 340111 261267 315243 285955 312631 303472 398094 309350 344738 280785 284502 327786 263152 292065 324383 276541 267689 381214 324963 278070 352912 299557 245963 320521 295184 277618 314972 311886 259161 284821 272935 294406 294402 305280 302693 427814 303776 291310 309209 363245 303026 295683 250115 349560 293003 
280795 319037 367603 318055 289742 329238 327870 357317 369213 296907 313027 279849 390743 284166 333307 325142 302610 317095 344848 299044 395008 312325 296736 321978 371241 324373 452732 285394 318501 354816 333079 340910 295715 316716 306611 290511 319553 283014 326169 287421 315605 294149 318710 300434 265274 366059 310083 346970 291146 311791 
329854 301601 287581 350857 311108 319140 327222 345336 387273 315725 341815 357818 339139 380810 331861 399342 481260 295877 341330 356006 394831 332396 316750 310649 328183 328126 330940 385729 300136 383071 333309 345729 308724 459905 292243 363838 335243 355500 360590 302570 390570 340118 372298 307150 349632 309358 366784 323179 324829 334558 
330664 307352 318523 341259 295683 364885 387297 296623 321411 352972 335417 322189 378362 341558 321511 314803 338977 311556 330525 320917 395314 296658 415344 380527 372095 361941 347793 322663 351182 427169 452357 319955 334622 421100 358690 311561 335822 341944 333593 316254 359811 353122 335003 364672 338012 302015 330513 372104 328657 360067 
343109 340719 395660 393705 320407 369125 359580 336739 330330 429387 409116 352771 416023 371881 402553 386965 360572 362982 382244 410185 334481 347158 368115 343002 451962 408514 322675 310726 468533 337337 356485 369086 385380 340601 373206 455142 380018 426093 373534 357096 342662 353232 382556 320348 346733 331510 385570 319908 342174 344210 
357621 526102 411302 399340 370085 370304 335750 319388 394524 412557 409558 481305 331368 372876 347376 419257 353102 367532 346186 367138 467449 400059 325529 382622 359364 377480 387156 390950 424189 386324 406685 322737 302193 397503 439459 423697 356021 415256 351396 395869 378895 351601 330454 351016 412994 315052 352400 378778 405482 409230 
400298 430686 377663 385843 357338 382634 362202 429132 367939 413425 359200 358037 462348 424124 414510 346819 365671 462259 358798 362237 486254 387283 359086 380689 348493 374026 430236 358551 397940 377851 422931 365094 416311 411282 497160 359671 396732 376768 341869 368605 400506 372868 351268 426492 447301 344107 387864 447407 418109 359334 
370093 388869 349205 381421 414246 417734 427111 402369 438943 421695 495309 419236 397550 353982 419090 459639 394619 428985 374705 404320 395715 407528 388680 370993 404033 417673 373878 353052 409534 419571 442621 455686 406579 425828 433088 445178 378269 376289 364660 375400 413700 526788 416922 413957 407344 360390 436195 400508 485577 371318 
432826 416510 414837 348001 415125 378628 397494 367458 411324 428654 415496 395932 396625 420596 380235 439236 419111 383892 451570 474232 350692 382929 377362 400998 383180 462695 379386 482004 462299 438259 419211 430477 406306 444918 442329 471677 383190 363927 370130 426992 368404 615037 381248 443190 417754 379975 500207 378889 360123 382213 
427912 536440 398940 361810 384809 407676 373765 439850 404091 458015 445832 427305 467901 411057 433120 386900 447525 447980 431622 448988 528094 359277 390256 465636 465207 404360 418510 404104 404020 378839 492630 415668 420202 420254 390762 430577 427381 418442 471077 523608 413488 471857 456360 434029 434484 485570 402350 527725 376919 393173 
418853 478445 438196 468971 549974 421419 408959 392113 531091 391989 398131 409219 508095 464650 424178 547491 490494 377010 408784 385136 389738 455947 520151 460738 418426 384924 427389 437017 411184 410662 436759 439558 421184 504372 439867 490177 453354 459512 433013 464031 425555 438468 439950 445864 495595 399622 386285 403664 427310 473096 
460035 409730 451206 448449 444512 425285 505480 552805 441646 441404 496528 452057 443548 519331 471147 451723 450895 515160 500820 449040 552306 441875 563564 462019 429257 457035 412190 556317 457666 445894 495608 549635 424735 479749 478261 425544 436839 480854 458283 398993 417145 533151 494762 470921 478475 451024 451119 627428 550920 432042 
426809 448768 464631 623393 557325 460023 487870 610945 450647 438185 463381 419555 471109 676539 475517 430561 541077 451931 469986 499825 535157 474801 434370 553099 468635 479108 527966 433848 421361 517149 502613 461140 458978 469993 481099 469023 411838 418725 416477 443613 478220 507378 472716 441211 494290 492637 528056 450598 405614 513486 
472584 534157 447142 581540 446139 537580 491933 495263 435431 490095 508037 459746 505902 455284 511144 444945 436259 536076 451707 556879 448925 455700 532379 497844 492451 507207 444854 540769 535754 512943 458947 536324 479667 438440 478037 496446 450771 458820 455464 445395 484535 502488 513478 444171 504274 443035 572598 499352 458847 446359 
477148 565104 456886 580466 444975 467409 472574 576713 467888 485859 446736 494962 462302 556881 490846 465215 450126 463700 566687 495383 488167 547197 522590 472226 583150 466186 495947 484017 595812 508463 493776 470767 491735 463812 501075 579919 450140 474352 549227 529996 530963 480050 490067 529460 526625 456321 437820 453592 485793 472261 
448158 594020 486174 585690 479401 501143 486192 506586 537792 558402 479311 533575 521606 478527 591508 493946 558868 625082 463778 523947 483727 498637 469032 516843 458463 501900 483196 557231 462205 551659 549686 495880 496585 546324 445797 529799 439230 497748 501522 515494 502430 579777 522014 492368 506380 507344 509072 450161 485195 627460 
493870 576926 530455 491576 532701 601128 601332 586727 504142 515369 746991 642169 606882 469415 601538 480323 571539 488236 563964 512564 601205 551352 554715 481616 570908 581175 489579 526654 482150 531071 585792 467934 570263 589126 510056 484815 513637 548903 563203 759986 603321 663409 464325 526554 532212 583016 642996 539346 663157 648900 
613770 538065 611923 581695 491987 477172 574293 620819 530517 571769 497540 515864 623799 700958 572244 538664 581146 556138 520934 544192 528693 528568 699358 699684 544152 526071 668153 582506 492531 512057 537258 618146 620429 553971 588301 512120 657460 564722 495655 618980 503922 491428 502788 661801 490841 531475 548442 578550 522683 489682 
605156 616366 553530 562950 528754 646715 610527 530975 515466 557348 558020 542857 517421 543250 638320 533899 495740 572530 504177 674135 587019 609195 537019 718159 560311 547153 511994 492567 634534 513133 633434 536889 623570 615229 547042 569677 585269 563133 544202 494043 614932 623096 613887 541527 504610 490699 575898 585857 514819 557997 
588389 612741 554662 575593 727027 536957 546755 619888 563029 648988 645007 562261 458136 625713 526930 577666 551296 601852 585261 591579 597221 680267 723220 541222 500434 523722 553294 654181 530275 555240 494130 564128 582523 642115 634720 490429 548791 603697 531916 611333 511662 595081 489652 508305 652858 578407 528929 595855 591325 558244 
577365 630337 549382 561556 665283 602787 724807 621829 529148 546176 604770 512453 602062 585980 578065 659260 611010 560750 587905 593171 565167 643013 607232 580899 591615 621167 561036 546887 625947 570683 615456 531758 589095 598409 573758 587485 629843 771513 614831 639752 618186 585870 518441 503467 666740 502681 561453 521467 682142 553116 
505989 630019 718229 654666 596336 540533 572106 654352 601121 633690 650036 558399 628768 593548 558591 585692 540028 581730 650461 607932 620603 589737 588266 565239 556210 667013 607520 573489 600192 670852 558664 566768 844071 626142 700141 614403 500589 552702 633737 613251 535192 597359 595201 604124 617653 675984 663567 578262 567010 600227 
624833 692784 600391 569815 584517 648744 693639 657022 631804 846814 589409 620334 597665 594425 630511 671413 624677 531992 661168 729708 601233 626007 583596 579768 631219 557045 663491 605767 623106 576799 637284 606364 676528 621805 608746 688507 717465 769140 603384 584309 666075 776923 545553 627712 591035 662449 629091 666015 653109 754968 
612615 562141 624648 607293 724244 602449 638297 603507 647540 536446 630225 596952 576679 669696 582794 631040 583907 696357 591375 578985 592242 631564 610702 631743 813636 811240 655136 618180 815709 575206 799341 612650 589990 761444 671186 790203 649936 631740 567748 591513 635806 722691 653105 573237 574292 664122 845680 670069 586629 620456 
630987 586206 656072 689899 579912 721568 655533 623468 632364 554124 641503 622637 606728 623412 593613 810454 670065 655292 620263 659924 617832 612227 733145 703660 595670 553527 622821 756312 676955 597199 753831 630424 672862 594347 649263 624668 615739 591342 680880 626246 683997 632580 630925 534866 644733 628034 622188 682926 633693 652879 
641921 736166 732766 624203 719770 660835 619384 628575 696693 672701 627142 646132 679006 649588 595001 637015 675215 544019 617791 666198 627095 658266 705778 641518 670388 681322 635138 650426 615583 734503 597906 718016 594169 737038 642868 637406 634886 633954 570372 675504 776479 625169 620662 742281 602723 616150 624012 704811 655906 642511 
608904 737822 699804 693698 600741 783757 676148 869738 705508 632343 727423 601176 656275 661392 619797 655345 701422 658449 734301 641818 690907 686032 573060 730075 675003 638612 798167 660683 664939 797295 726498 691017 619605 640016 681721 764976 669179 751845 643612 696052 764931 724856 595297 813382 751125 680016 586905 648644 734491 835030 
617853 739729 643482 710134 735936 698705 715054 696243 674278 739617 686187 744711 663605 769481 725238 651361 690757 738352 669783 766729 663099 736057 783944 751575 660532 617745 762669 670931 748001 803452 775302 615174 683741 915330 879135 751782 611055 667456 703902 762402 810559 628156 660601 740489 736688 645638 658684 806818 766381 688019 
889976 632292 782449 733677 718609 704407 711738 720092 687482 722224 663923 725668 722610 680884 733845 887576 796157 713584 714266 783213 739892 683538 763468 745784 662975 705100 708633 706392 726527 726256 680652 679119 718642 804195 704639 699798 654728 678852 831964 671577 770724 653125 703398 664345 772000 748075 650123 774657 620945 749898 
647413 750971 781639 879667 859120 697288 680537 643341 794588 690552 797507 714286 751075 679941 776290 769469 770953 765430 792179 697198 676479 839991 666612 655472 766990 780192 776090 772197 709454 668333 685160 642884 661649 763343 689677 772815 697816 727760 865054 669841 729955 673316 840269 703217 738580 737044 677935 713540 668769 655888 
590405 697160 716591 705924 742830 705534 781514 726045 733074 767227 715040 754381 775737 777957 830236 818456 803131 711028 686478 655932 702925 703545 790898 722204 705292 844173 742189 724012 756252 747928 781665 724109 699268 663957 713360 733756 737997 754755 716811 790874 735626 719663 693436 689112 801502 675843 884085 993735 698275 737858 
722449 731424 926239 739726 996943 768800 788085 767575 755401 776625 675817 742267 710629 708975 737244 763344 966918 681729 690720 815833 799127 665303 732140 718075 770079 756047 688577 779342 719211 912715 732921 808810 721967 779128 679862 835196 899615 725860 835295 725303 864321 746808 774055 886691 813449 689879 806569 680026 731262 792186 
762521 865871 718703 678073 737015 744455 765715 679599 733838 721472 721463 1020074 787610 746202 740222 712090 918000 776431 813807 764703 840446 717807 791142 810167 888275 778675 727297 742672 722871 899803 694935 879517 940727 769726 719654 909210 718819 701374 699349 801842 823323 775467 746505 698489 850207 764422 714130 708228 847910 819659 
728110 807929 731665 792913 745656 763440 739004 823470 802313 724715 870626 738193 688258 723815 798393 816540 882159 731794 716614 758735 749806 824597 925653 803117 838786 731594 814606 887932 865457 758088 766711 691194 694975 731204 848551 810700 972405 730847 776521 740262 743088 738918 808132 760800 872863 844872 779281 847340 884075 942360 
733975 1033201 708791 860408 708833 739931 809296 810190 768070 703101 768163 731806 753261 857026 726636 759117 716934 717701 814364 745342 821111 693552 759873 805141 809276 919749 730548 718997 762087 781440 1009262 715072 776274 862058 901466 802888 795996 893416 903068 770544 743212 861361 721646 773273 906312 808634 741574 902190 896422 763534 
675309 828544 864821 733372 828539 936332 795075 882743 924358 871481 756891 867809 789468 994754 729375 837631 862992 772233 862240 957879 817084 865590 885291 934812 774099 898752 903963 802111 724246 760885 875214 799532 708795 969482 790619 829770 1094756 864424 777950 835188 790894 797989 809085 897710 775483 815392 915459 763511 846413 833724 
823239 814579 951302 749429 832913 843499 795093 822818 951926 797890 929458 812365 830096 1215943 804934 816724 1063023 1135059 813899 906261 783186 788769 833105 882164 970171 878444 874677 877088 837942 839979 814191 759288 752327 872311 761724 778417 875557 802219 835716 750217 796271 874527 811853 714333 752690 848959 866545 955242 823622 939784 
736832 858362 918091 939987 798975 784456 939651 796820 857602 786029 901874 734584 871326 883167 901721 795233 800527 781165 744659 891858 941790 853025 814345 936638 803437 951748 779697 754073 835182 808527 1137640 839493 851481 757851 797886 807126 1001442 853701 752561 931263 862625 783893 922317 979607 767980 943870 852518 1220370 875166 880609 
817326 928076 1032041 914209 771409 776434 1024165 1174247 873392 826940 773742 761709 825213 793507 923203 805572 782863 921804 903567 765552 931500 841537 907375 802538 918366 914290 863759 816768 886383 923163 916150 813319 956401 788605 839900 821866 1054646 905116 953721 798548 822779 813322 815257 865241 824505 853946 824207 826263 817225 895853 
891530 791846 833952 843300 872770 898236 883788 903173 941197 965789 823032 895087 980480 991030 975657 936092 789274 821950 924494 748256 888743 775209 913251 793707 976608 949990 765925 870046 855655 881795 877783 815746 866218 879983 897104 845546 814761 788739 844768 879360 1004378 836033 830998 859134 916132 922010 856442 928831 921844 1007104 
922055 1052803 930891 1030354 862770 986002 848310 834397 870720 901210 1081016 851973 878889 963900 791752 814752 845350 900931 926205 1067721 803102 898736 832542 873891 787064 1058962 827914 889566 895384 953747 873400 1052624 851303 930558 852806 828071 1097104 954929 900624 938655 890516 902887 919881 827348 1373766 838722 1022632 903042 975535 839220 
1108196 817907 904473 949990 802884 843889 844157 837925 1084585 894174 854973 840947 808023 960271 1021602 983312 932514 816215 829877 840207 923114 910750 895499 1034468 824069 874091 997777 846759 1075213 912704 853861 1021246 1081241 900434 979866 894718 914769 1139684 847373 893907 991991 977942 947053 889044 891909 827178 925034 796106 839558 996289 
992399 899003 1134591 1003213 846174 982455 925408 982051 878551 1024759 935522 882675 1121993 885805 933470 951453 902767 941368 913863 868455 813380 994634 934243 963852 820771 889168 877255 845375 798712 955590 971638 908035 974404 938607 848295 993519 895321 967259 860403 950021 1027597 894342 1156084 779577 974271 1068988 882670 988588 1068797 1029390 
847803 915109 937587 1147163 852206 796776 1006651 905774 977599 893982 1179109 946894 1080666 890811 846850 1176589 883156 996436 932845 834285 1002395 1108402 782441 863011 986573 917946 871166 862612 953304 825525 987943 1161943 980895 884194 834159 1088257 933672 958915 954156 852392 958925 810202 941111 926176 944397 1001824 983535 916958 837553 1150038 
1008537 898055 857381 1324753 1253603 1001242 1012456 1384862 891675 841575 1061192 1036660 1048951 950410 909900 975147 877747 989306 881381 1007087 915991 976431 959674 943655 1131354 945137 890210 1010319 968041 831746 933083 906764 1078433 800784 971519 952862 923355 868762 1068651 962074 1074469 936015 1001030 991760 917133 833931 942378 947376 1015971 1050181 
876516 1131596 1018288 1065361 972055 951812 879607 879558 887255 1012778 1009265 989489 1110471 960415 999673 999732 1026625 1083570 896379 1010061 1030113 884247 1002867 904700 897355 880281 918063 1106514 943976 905463 945131 1026496 1064506 930211 897235 1009487 1079812 917106 899119 843534 1076998 1085804 836802 949840 1069950 941241 992959 832021 933375 1173078 
969872 926358 936973 924773 906444 887025 1183658 1001168 900866 1111923 929433 1109458 900336 1082598 904109 1243047 993448 905391 879641 1057796 1005581 1065325 1089250 1085538 917472 996327 966964 886717 1104464 966768 1051946 886220 1015179 895617 931158 1171013 923614 867870 988042 1098381 928915 1041455 1053847 878447 914103 1020108 921594 937395 938895 922128 
1285213 951474 869378 1341620 1047016 1238261 938489 973560 887931 1157202 979265 1151330 901427 955556 971708 1046036 872221 1189671 950160 947118 1089239 863960 968808 1031351 1079275 1007614 959603 1028375 1031192 896254 1001083 1032454 992103 970041 953840 985861 1010560 1069476 1139931 1049009 1038746 1360943 1005963 897101 1177955 909225 927597 919428 1114357 892125 
1024102 1056049 890499 1058275 977011 1061129 1295293 968809 996742 864443 950141 1085839 1033327 1086582 1008840 1008443 988340 970372 1001936 888838 954797 974040 994900 1030455 1011139 1094347 902814 991761 1012493 968797 986934 978493 914320 992733 1030231 900413 1051825 1092808 1093095 1045599 1141387 956907 963647 884681 993966 1005611 930986 908228 1175007 988391 
1120256 1091016 980381 946665 1067510 943512 974977 1206227 998154 1018955 1205918 980596 921317 1209908 965527 1035464 1045749 924469 1156222 1132032 1047520 1003052 966772 971585 1057818 1039661 1253052 1081456 1192704 1031600 965434 1114627 1093163 1055907 1088392 1063074 1035257 955571 1240199 962814 936100 1093573 1070606 1036407 963260 995575 948594 1001040 1020689 953910 
1084112 1032993 1164733 973830 925410 1241534 1019259 951242 977263 1113159 1235082 1058094 927178 1091965 1182046 1016050 924982 1019632 1143851 912177 1034730 1017037 950110 1114371 1050866 1186368 951976 1016406 1165350 1056130 1027523 1093268 1002470 1109406 1159822 1120968 947007 955235 949471 1100360 1123470 1051650 1006548 1133781 1000474 1155757 992739 976077 1091952 998564 
1042345 1182526 979043 998240 1022511 1006139 1068237 972022 1048660 1187600 1033973 1094859 1035993 1079487 1191927 1030241 993819 1190800 966196 980056 1054673 983280 904946 1063869 1071743 1056438 1128684 1069336 1102816 1075097 965748 1077391 1291177 954704 1045309 927450 1013270 1402232 1044366 953807 978754 1300969 1185199 1151548 1044369 960127 922825 1064828 1009192 978995 
1018581 963685 1008375 1150759 1099536 1102847 1108874 952907 1079583 1085361 1035694 949823 1018747 995291 1064545 1273682 1010803 1184702 1000995 1013601 1089627 1203920 1165139 1070629 1000290 1040441 1064594 1074647 981876 1007900 1118525 1099393 1079194 1325010 954501 1016973 1095620 1237375 1103668 1015099 961677 1028964 1186778 1045779 1232392 1094057 1055528 1067086 1153562 1171492 
1013412 1119463 1557635 1105947 1070221 1031250 1136278 1165689 1189147 1079339 1150249 1025652 1117014 1048869 1029576 1119729 980405 1150453 1046390 1096710 1127933 1164350 931494 1067131 956604 1133066 1402211 1113250 1120847 1058154 1244091 1049494 1108658 1180796 1004965 1327486 1116618 1096683 1094047 1121415 1230159 1255291 1186289 997640 1112823 1217740 1258579 947589 1295008 1100859 
1043566 1083520 1099108 1100379 1239935 1095884 1018638 1142956 1076593 1089839 1111572 1192400 1177409 1189330 1083617 1049161 1163957 964287 1031016 1059022 1057946 1163739 1126203 1388653 1044277 961760 1024293 1093977 1355147 1111440 1162957 1033900 1421989 1115349 1012516 1170978 1167427 1121687 1205531 1300906 1195413 1101596 1092597 1177836 1361083 1240055 1066096 1048580 1103158 1110788 
1279085 1237752 1070308 1271713 1076832 1013996 1147481 1078503 1142390 1120151 1030546 1085160 1002102 1052911 931693 1199775 1125023 1208109 1113885 1110888 1130799 1050375 1068920 1371100 1153569 1063895 966569 1375406 1186284 1208951 1086839 1038546 1126686 1023461 1085127 1040189 1107339 1223932 1053142 1516100 1100351 1325308 1216592 1123484 1256247 1160510 1378554 1097854 1058025 1143639 
1236943 1066328 1170357 1151992 1158949 1218554 1117851 1033621 1255088 1037711 1121002 1081004 1323042 1107431 1054845 954289 1071066 1177446 1112367 1117332 1202932 1131840 1124011 1330501 1146462 1259653 1273266 1200261 1189965 1226310 1019977 1000841 1139651 1271905 1310237 1150835 1225674 1081149 1352323 1237820 1156137 1103166 1107904 1047001 1275642 1018098 998223 1528766 1323134 1150051 
1097831 1184936 1048854 1165651 1164355 1082540 1182691 1080433 1165029 1293076 1231809 1151772 1090384 1132304 1350843 1151900 1074320 1243229 1134967 1144506 1037168 1182296 1354875 1213865 1004824 1175026 1197858 1161564 1383276 1281289 1066056 1059258 1117095 1141338 1107874 1047642 1105863 1184016 1068061 1074536 1174703 1170478 988766 1032101 1204431 1289598 1326691 1177014 1417918 1061516 
1003562 1239914 1320225 1362354 1211669 1249469 1244812 1292849 1172592 1066272 1119738 1120410 1280743 1233226 1281674 1212963 1269301 1255814 1217151 1121024 1507657 1067699 1143483 1077845 1179239 1308207 1024709 1066148 1164639 1217018 1170185 1037189 1075176 1602955 1117803 1131058 1097513 1300758 1109863 1035155 1101845 1214582 1148868 1080261 1139665 1133589 1086087 1085197 1178574 1240673 
1188371 1348358 1339490 1113575 1157397 1196198 1153321 997001 1073768 1158098 1135533 1318765 1205961 1071592 1169843 1297447 1200487 1104126 1205978 1143257 1124226 1208126 1292817 1175216 1213023 1172557 1225018 1374184 1111967 1515188 1307446 1235958 1167306 1078598 1288245 1194675 1086833 1317484 1136659 1100771 1173846 1184239 1462390 1220719 1139446 1608638 1352721 1273528 1140433 1246115 
1151263 1248085 1077891 1302608 1243858 1330770 1301575 1326790 1391963 1450634 1172015 1232227 1203082 1084314 1210486 1216567 1286928 1095274 1152426 1357757 1390826 1292433 1140811 1051557 1129211 1214568 1226288 1206620 1175607 1068025 1262845 1354912 1145944 1202329 1100823 1125683 1359992 1134906 1083249 1100440 1227813 1148794 1175251 1161415 1138228 1074647 1349158 1168650 1519827 1256773 
1303750 1571503 1312153 1353943 1332759 1344614 1467718 1132372 1200734 1372750 1154028 1147695 1512490 1140258 1127175 1134560 1163534 1206545 1190389 1220303 1301315 1356129 1194729 1110573 1149787 1272712 1063705 1370260 1251688 1269663 1287602 1163231 1212195 1204320 1249712 1422091 1256054 1431345 1170113 1194309 1187564 1114140 1385711 1207408 1067909 1294665 1095582 1149870 1340483 1250527 
1129756 1284300 1287580 1160393 1377692 1310723 1074192 1170876 1414731 1247256 1224776 1266375 1193218 1343340 1170338 1313230 1284747 1492586 1111262 1134736 1129760 1420200 1334796 1320564 1143839 1227404 1214840 1413981 1413037 1258452 1254023 1269014 1207751 1415097 1409436 1091823 1245992 1174873 1080705 1358573 1278268 1523665 1116915 1241855 1321736 1388970 1191933 1127441 1353776 1235362 
1305746 1317215 1220737 1206680 1137267 1163927 1116784 1018966 1222219 1071186 1159019 1214223 1250547 1172099 1197128 1146782 1203709 1168464 1101237 1244245 1208154 1175606 1200433 1248551 1418075 1208686 1366503 1161699 1289993 1236345 1298530 1266347 1135381 1314409 1274017 1282351 1159740 1411699 1102531 1324580 1335288 1311954 1351819 1410206 1260622 1172566 1181067 1155711 1288966 1201440 
1459747 1215310 1481433 1194329 1199161 1189980 1262280 1259143 1237816 1216211 1191405 1662139 1246312 1118097 1195251 1124812 1255249 1343590 1160637 1437851 1326625 1298090 1144565 1417660 1242042 1283823 1202659 1357869 1225630 1133001 1251252 1229348 1159854 1266074 1461634 1135659 1220709 1235170 1356131 1241192 1238381 1234483 1179785 1395613 1285609 1260243 1169623 1441605 1335144 1247352 
1392906 1644228 1331164 1205398 1315789 1360837 1224547 1282201 1325591 1414113 1197201 1330408 1264889 1229548 1336483 1315738 1218195 1290634 1161048 1275047 1225056 1118461 1254089 1149891 1180604 1133204 1349112 1521747 1359027 1291047 1213797 1311203 1482159 1271679 1254038 1275754 1313976 1288790 1470662 1247960 1205917 1245901 1372950 1221975 1242111 1190803 1147287 1159552 1158998 1275031 
1466008 1164275 1291525 1345592 1100148 1210509 1213404 1260930 1504268 1159788 1230687 1238535 1245507 1288044 1293141 1206410 1163529 1265406 1176664 1441190 1329197 1269409 1252322 1341252 1455452 1132889 1284732 1288534 1222853 1570300 1416683 1209023 1330773 1269722 1689298 1521299 1887803 1201745 1447235 1474374 1509559 1437076 1371918 1430818 1200060 1341430 1209033 1563605 1260140 1141433 
1261897 1381662 1546958 1344886 1778164 1280810 1219657 1317309 1283463 1239825 1381882 1373706 1270058 1238323 1216012 1319438 1202584 1285482 1482466 1118917 1270775 1140100 1248933 1284965 1218544 1204694 1356441 1294909 1395128 1346293 1454928 1261583 1186558 1325753 1251291 1245385 1404408 1227859 1311870 1295341 1334758 1265422 1431673 1219191 1412891 1135068 1350824 1418517 1244131 1566910 
1320504 1600164 1355351 1341283 1230140 1258094 1407162 1424156 1191897 1530442 1475709 1595881 1354439 1669668 1177471 1869379 1497078 1294197 1376990 1367476 1489845 1375263 1155155 1273908 1206917 1377092 1376166 1455209 1288320 1663092 1211436 1139126 1307831 1178513 1314306 1158897 1420826 1313147 1313226 1329963 1380333 1302729 1369373 1121433 1578660 1366416 1392114 1544649 1372921 1314191 
1271121 1292528 1192700 1231742 1383377 1337567 1380129 1305774 1296506 1309605 1288942 1321485 1351988 1591488 1355986 1234713 1571699 1384157 1309994 1409497 1340736 1521044 1546786 1251531 1283519 1345859 1370069 1397030 1258157 1591656 1232173 1276488 1293037 1276896 1419301 1300203 1436839 1401548 1141884 1272442 1482306 1439251 1403238 1428565 1292272 1354036 1780453 1205957 1760886 1646521 
1334958 1416324 1470148 1435487 1219488 1182394 1431922 1342125 1289952 1348111 1189226 1326300 1258778 1103732 1271732 1250728 1721936 1206890 1360687 1436136 1243193 1265874 1287719 1333551 1458880 1435762 1372395 1447254 1423803 1351544 1278141 1346742 1271146 1271469 1237004 1354332 1254120 1194870 1319320 1652110 1218400 1449680 1233178 1227448 1387034 1246459 1444006 1298723 1400842 1301582 
1291397 1355338 1233906 1464619 1495328 1538317 1304303 1287322 1479740 1283980 1396575 1474060 1393587 1247559 1389177 1273725 1602382 1235831 1440778 1320984 1244045 1367193 1290051 1461743 1264977 1475298 1303202 1475124 1407702 1671957 1367385 1372016 1503452 1298722 1380488 1439464 1397858 1259124 1274543 1245075 1680842 1440071 1395555 1350575 1374611 1298015 1424525 1698472 1456052 1240604 
1389748 1623477 1374791 1506184 1474782 1351522 1523282 1482984 1332203 1723514 1465499 1486473 1445933 1414388 1509414 1526602 1443306 1351856 1337248 1498970 1260465 1532672 1329475 1296180 1475788 1410209 1382437 1309239 1353560 1315028 1329283 1477365 1354402 1301169 1360580 1286048 1444709 1381867 1406491 1521411 1551087 1415854 1314152 1321670 1360961 1315808 1571214 1632365 1390957 1400758 
1308016 1313465 1293849 1239355 1339521 1326452 1331918 1430267 1353244 1427305 1811359 1301951 1279688 1974405 1302131 1374707 1403554 1279319 1559982 1395769 1267477 1646990 1581153 1312263 1307887 1234725 1279373 1522216 1515190 1642510 1324539 1388969 1492900 1255902 1353534 1338063 1546998 1467455 1544236 1295187 1432696 1325180 1453161 1387731 1257927 1310301 1471438 1489598 1387178 1607500 
1411302 1403835 1578113 1531264 1397176 1391532 1394019 1390041 1845051 1687259 1397995 1471044 1499881 1310663 1460601 1456253 1321225 1586645 1481508 1448470 1296121 1306554 1349364 1426680 1710552 1275886 1905015 1357682 1443597 1953968 1519666 1346796 1570922 1301955 1326375 1388659 1332902 1472058 1266712 1369784 1446538 1416501 1469992 1391150 1482138 1378734 1277714 1335611 1437494 1281299 
1340693 1337105 1282384 1374401 1302726 1418395 1494169 1315546 1413075 1489733 1645944 1774923 1507296 1565648 1391955 1436635 1272113 1626648 1300721 1306130 1221613 1296506 1569573 1477447 1466041 1296960 1513368 1409945 1318249 1656643 1374201 1444885 1605331 1305637 1500888 1353314 1478245 1376267 1557470 1576968 1479386 1447967 1559909 1415288 1237140 1312956 1535163 1736514 1440786 1340039 
1439423 1371818 1521262 1531656 1463959 1301924 1498578 1506398 1518285 1446340 1380582 1503724 1647858 1570378 1647567 1312634 1412862 1389855 1450297 1405051 1349045 1479439 1456808 1469124 1588097 1420915 1583096 1496932 1316374 1470414 1365132 1371926 1334186 1367873 1583463 1993413 1386375 1453278 1304725 1535757 1493575 1559117 1533146 1328100 1292628 1676778 1346048 1437285 1370076 1401446 
1376607 1606395 1599985 1528139 1568987 1290673 1427019 1236524 1221370 1506492 1417385 1385015 1569134 1282733 1613959 1411468 1675929 1448859 1541110 1446657 1334425 1599773 1555122 1476486 1457564 1697251 1429088 1571319 1404820 1411367 1564151 1434440 1629121 1565202 1270664 1422342 1747332 1461120 1402311 1518719 1545147 1643037 1508044 1519254 1355322 1335828 1321018 1429918 1348622 1446957 
