380 364 373 355 364 388 360 347 359 358 367 368 365 357 379 362 355 371 381 359 359 389 376 360 376 364 360 335 361 362 375 347 365 364 371 372 374 373 378 366 375 388 366 366 367 372 362 354 359 363 
742 732 753 724 748 742 717 732 733 761 740 742 737 739 712 719 729 758 738 739 727 734 735 746 733 743 743 754 730 723 735 722 732 730 741 753 709 730 749 727 728 714 760 750 732 753 759 753 743 737 
1118 1092 1115 1072 1090 1097 1091 1128 1102 1096 1126 1099 1104 1113 1071 1111 1074 1125 1096 1105 1105 1116 1075 1104 1112 1115 1105 1126 1121 1104 1069 1111 1085 1088 1085 1092 1103 1113 1102 1099 1110 1083 1104 1076 1103 1075 1118 1107 1095 1108 
1459 1508 1474 1452 1498 1459 1466 1452 1457 1443 1473 1454 1435 1493 1527 1479 1466 1464 1477 1479 1444 1449 1484 1465 1484 1451 1454 1461 1469 1463 1487 1460 1491 1446 1445 1478 1484 1458 1442 1477 1525 1468 1464 1463 1454 1444 1447 1464 1504 1481 
1847 1828 1807 1836 1840 1842 1844 1827 1860 1819 1810 1834 1858 1803 1821 1819 1866 1790 1876 1836 1853 1835 1839 1812 1840 1821 1841 1866 1848 1839 1823 1866 1838 1828 1880 1844 1815 1843 1818 1805 1840 1872 1844 1814 1821 1843 1833 1856 1838 1793 
2168 2183 2224 2229 2219 2213 2230 2188 2231 2161 2218 2195 2170 2213 2201 2197 2175 2184 2237 2254 2165 2216 2213 2194 2156 2234 2184 2236 2181 2249 2208 2207 2218 2221 2214 2216 2217 2225 2152 2168 2218 2153 2219 2184 2243 2215 2174 2269 2247 2242 
2578 2549 2627 2565 2563 2564 2551 2540 2594 2563 2529 2592 2582 2596 2582 2507 2537 2579 2529 2560 2580 2569 2592 2609 2576 2629 2531 2555 2602 2596 2591 2616 2591 2532 2579 2592 2545 2511 2577 2576 2539 2602 2553 2557 2595 2533 2548 2568 2584 2519 
2944 2943 2948 2953 2968 2937 2987 2979 2941 2992 2989 3019 2957 2982 2939 2959 2947 2950 2867 2988 2985 2919 2939 2967 2941 2982 2925 2953 2947 2969 2969 2964 2983 2924 2923 2936 2950 2943 2938 2934 2937 2963 2957 2961 2904 2931 2923 3018 2956 2940 
3338 3287 3304 3316 3321 3272 3345 3328 3294 3357 3294 3332 3313 3282 3321 3249 3301 3263 3385 3284 3337 3312 3320 3322 3253 3317 3393 3288 3294 3339 3265 3330 3351 3312 3347 3303 3366 3299 3322 3319 3333 3308 3297 3357 3273 3328 3308 3335 3332 3317 
3625 3635 3698 3710 3703 3698 3707 3665 3699 3703 3611 3661 3682 3729 3679 3654 3660 3687 3720 3657 3629 3664 3622 3702 3704 3686 3687 3691 3729 3621 3665 3659 3729 3671 3688 3637 3688 3684 3672 3680 3693 3705 3635 3676 3700 3711 3696 3670 3765 3618 
4098 4022 3996 4034 4048 4055 4116 4056 4052 4017 4025 4047 4043 4069 4000 4021 4078 3998 4056 4035 4032 4082 4069 4074 4093 4018 4021 4022 4024 3973 4037 4031 4085 4070 4032 4103 3971 4076 4061 4101 4001 4008 4009 4045 4022 4058 3970 4122 4042 4046 
4408 4479 4438 4370 4391 4425 4412 4390 4458 4437 4398 4382 4396 4431 4431 4404 4461 4363 4404 4412 4414 4454 4405 4390 4370 4419 4422 4439 4354 4430 4465 4438 4375 4416 4387 4492 4422 4427 4480 4477 4417 4411 4418 4398 4415 4444 4497 4410 4376 4404 
4822 4752 4778 4816 4727 4782 4789 4790 4751 4787 4742 4752 4778 4764 4808 4825 4810 4785 4777 4767 4784 4806 4782 4779 4795 4765 4732 4761 4805 4831 4848 4739 4738 4814 4774 4757 4797 4739 4797 4805 4781 4779 4748 4778 4777 4750 4841 4734 4813 4795 
5078 5138 5204 5124 5166 5131 5150 5153 5147 5228 5141 5210 5135 5180 5151 5118 5113 5230 5125 5165 5155 5165 5125 5201 5185 5152 5127 5124 5124 5105 5134 5082 5169 5105 5142 5192 5112 5099 5080 5137 5109 5176 5131 5182 5146 5188 5233 5184 5173 5120 
5474 5536 5574 5520 5575 5528 5533 5485 5521 5596 5497 5500 5511 5488 5549 5547 5554 5543 5488 5513 5482 5453 5517 5528 5562 5503 5491 5557 5544 5506 5546 5538 5491 5503 5555 5529 5529 5503 5553 5512 5540 5476 5519 5494 5519 5491 5529 5566 5560 5556 
5871 5903 5810 5845 5874 5944 5940 5850 5921 5925 5939 5839 5919 5896 5943 5795 5846 5811 5877 5882 5910 5854 5830 5900 5828 5903 5877 5874 5925 5894 5945 5944 5935 5860 5909 5812 5884 5917 5925 5956 5875 5823 5902 5907 5929 5877 5918 5843 5876 5892 
6241 6255 6260 6263 6239 6293 6232 6224 6291 6230 6266 6289 6144 6279 6277 6278 6293 6250 6251 6230 6277 6227 6192 6203 6300 6252 6352 6283 6218 6236 6256 6312 6271 6204 6182 6178 6204 6336 6254 6234 6253 6281 6197 6254 6252 6297 6218 6245 6205 6179 
6623 6652 6660 6655 6647 6564 6659 6619 6672 6618 6579 6629 6606 6678 6624 6714 6650 6610 6636 6579 6539 6557 6633 6580 6724 6702 6660 6623 6619 6601 6638 6673 6555 6734 6638 6593 6639 6695 6684 6548 6683 6634 6649 6693 6641 6643 6641 6697 6630 6613 
6928 6965 6946 6935 6981 6977 6916 7047 6966 6917 7002 6954 7026 6990 6993 6993 7047 7091 7031 6932 7001 7008 6962 6982 7011 6909 6968 7006 6983 6976 6965 6942 6971 7007 7010 6989 6983 6982 6998 6971 7002 7030 6968 6979 7070 6967 7039 7029 6977 6970 
7286 7332 7392 7307 7349 7401 7365 7400 7385 7358 7381 7317 7396 7316 7323 7393 7381 7421 7430 7390 7352 7380 7315 7386 7385 7362 7317 7387 7384 7334 7362 7364 7351 7380 7432 7357 7371 7363 7340 7374 7291 7348 7358 7293 7364 7341 7305 7352 7347 7363 
7728 7770 7732 7734 7682 7726 7656 7718 7705 7659 7637 7757 7727 7696 7628 7761 7723 7741 7794 7782 7644 7768 7758 7736 7673 7791 7729 7743 7703 7676 7685 7658 7798 7648 7786 7651 7762 7684 7825 7690 7692 7728 7697 7671 7679 7685 7736 7703 7770 7717 
8138 8068 8153 8095 8048 8036 8021 8037 8083 8114 8151 8056 8065 8082 8071 8146 8143 8149 8100 8084 8029 8063 8162 8104 8104 8116 8066 8157 8050 8079 8061 8123 8151 8072 8078 8103 8076 8142 8061 8122 8010 8106 8188 8135 8024 8095 8051 8091 8091 8122 
8530 8439 8416 8501 8483 8502 8452 8483 8480 8440 8333 8361 8441 8389 8421 8521 8485 8408 8473 8398 8444 8382 8521 8534 8445 8569 8504 8552 8518 8405 8515 8524 8406 8466 8472 8518 8399 8531 8465 8394 8450 8541 8492 8450 8518 8479 8467 8452 8450 8417 
8771 8818 8841 8896 8827 8859 8878 8833 8832 8810 8769 8898 8856 8830 8886 8703 8767 8888 8845 8793 8843 8916 8895 8849 8803 8803 8834 8772 8757 8738 8791 8863 8748 8800 8861 8895 8851 8721 8854 8800 8878 8894 8839 8865 8739 8912 8829 8848 8803 8914 
9263 9169 9319 9268 9200 9203 9195 9080 9226 9221 9145 9186 9138 9149 9240 9128 9232 9152 9227 9146 9227 9225 9266 9182 9197 9207 9166 9186 9189 9075 9128 9191 9260 9189 9156 9060 9164 9138 9234 9243 9238 9257 9172 9135 9124 9181 9283 9185 9233 9304 
9558 9611 9570 9613 9582 9555 9598 9563 9549 9627 9587 9620 9602 9641 9556 9553 9549 9539 9606 9469 9639 9594 9614 9584 9540 9541 9469 9503 9502 9410 9518 9540 9611 9563 9604 9545 9598 9543 9519 9596 9590 9542 9635 9591 9653 9533 9575 9604 9558 9546 
9962 9888 9949 9856 9983 9950 9805 9852 9881 9985 9852 9910 9906 9963 9936 9860 9845 9923 10040 10042 9919 9878 9973 9917 9902 9940 9965 10007 9849 9914 10011 9814 9955 9861 9946 9898 9857 9869 10018 9926 9921 9989 9908 10036 9925 9962 9969 9955 9933 9956 
10296 10299 10328 10262 10389 10270 10326 10264 10300 10272 10289 10295 10344 10311 10338 10368 10246 10259 10277 10363 10260 10353 10348 10310 10278 10352 10164 10321 10270 10304 10304 10374 10424 10327 10422 10267 10329 10310 10232 10335 10268 10264 10156 10301 10318 10236 10240 10415 10241 10298 
10593 10619 10642 10637 10650 10702 10761 10673 10709 10694 10628 10631 10657 10577 10650 10627 10703 10702 10688 10672 10689 10651 10557 10630 10635 10736 10678 10768 10629 10630 10628 10590 10654 10666 10619 10706 10726 10553 10704 10651 10605 10674 10635 10644 10780 10666 10669 10682 10683 10685 
10962 11045 11104 10990 11007 10966 11001 11028 11103 11060 11101 11053 11108 11058 10971 11015 11013 11109 11036 11028 11010 11039 10970 11010 11048 11050 11076 11069 11031 10983 11062 11056 11021 11020 10923 11075 11074 11009 11039 11097 10896 11028 11026 10996 11046 10957 11009 11042 11059 11039 
11440 11435 11335 11425 11377 11496 11315 11399 11396 11429 11394 11383 11464 11437 11417 11389 11289 11428 11328 11393 11420 11363 11350 11432 11387 11564 11287 11369 11430 11410 11382 11385 11420 11448 11371 11396 11429 11426 11428 11414 11367 11451 11357 11310 11393 11404 11441 11465 11444 11382 
11701 11816 11821 11720 11783 11721 11773 11704 11741 11848 11733 11837 11836 11769 11749 11832 11792 11761 11756 11722 11718 11786 11716 11798 11844 11695 11866 11792 11663 11754 11774 11757 11706 11771 11736 11848 11794 11753 11790 11730 11722 11758 11709 11705 11719 11810 11924 11780 11822 11849 
12275 12137 12114 12093 12077 12184 12075 12164 12111 12191 12148 12179 12009 12208 12048 12247 12215 12028 12159 12209 11992 12159 12103 12153 12164 12184 12201 12175 12138 12092 12045 12115 12118 12206 12211 12134 12140 12197 12130 12201 12117 12161 12111 12016 12091 12124 12124 12166 12203 12101 
12507 12496 12542 12618 12573 12461 12507 12458 12508 12664 12486 12645 12486 12587 12469 12447 12465 12573 12539 12463 12493 12433 12541 12464 12451 12595 12510 12380 12516 12639 12454 12554 12432 12635 12429 12550 12581 12507 12523 12485 12485 12525 12494 12477 12536 12473 12414 12479 12495 12480 
12896 12901 12971 12851 12908 12876 12948 12950 12873 12785 12822 12728 12925 12947 12942 12706 12783 12750 12841 12926 12922 12872 12955 12971 12892 12945 12873 12877 12909 12946 13002 12790 12866 12890 12842 12772 12860 12782 12865 12795 12843 12927 12715 12904 12823 12831 12918 12890 12880 12883 
13299 13246 13230 13131 13241 13243 13122 13217 13333 13229 13279 13338 13297 13281 13260 13217 13161 13165 13281 13194 13230 13233 13199 13282 13313 13262 13237 13193 13147 13307 13369 13164 13162 13259 13209 13360 13265 13284 13250 13226 13233 13164 13294 13159 13283 13188 13213 13275 13234 13231 
13577 13611 13588 13610 13563 13669 13615 13673 13690 13513 13692 13639 13697 13640 13642 13620 13733 13623 13620 13587 13559 13733 13623 13585 13570 13596 13621 13676 13513 13615 13555 13617 13599 13565 13608 13625 13486 13641 13575 13723 13629 13589 13562 13608 13605 13523 13595 13671 13626 13539 
14069 14075 14017 13988 13985 13989 13964 13941 13995 13977 14033 14029 14109 13953 13937 13923 13998 13984 13957 14025 13946 13982 13870 14043 13994 14010 14065 14084 13952 14035 14037 14033 13998 13965 14026 14063 14025 14016 14042 14034 14013 13883 14100 13913 13980 14057 13966 13932 13987 14058 
14281 14348 14415 14324 14371 14364 14300 14283 14335 14382 14489 14277 14339 14374 14192 14353 14377 14351 14439 14360 14359 14395 14363 14303 14391 14292 14257 14411 14297 14394 14362 14472 14331 14394 14390 14365 14319 14241 14295 14314 14306 14281 14334 14322 14371 14451 14277 14388 14298 14412 
14711 14785 14759 14655 14713 14690 14734 14768 14690 14703 14626 14776 14807 14753 14783 14703 14718 14747 14736 14774 14691 14756 14612 14786 14755 14723 14587 14743 14630 14713 14850 14736 14694 14772 14736 14714 14745 14665 14681 14770 14757 14703 14781 14668 14792 14702 14723 14719 14787 14713 
15132 15045 15027 15014 15032 15102 15027 15216 15004 15063 15028 15011 15040 15117 15059 14999 14997 15033 15063 15059 15130 15005 15076 15063 15158 14974 15097 15013 15069 14957 15176 15019 15083 15116 14964 15188 15062 15080 15061 15026 15097 15107 15165 14985 15051 15175 15073 15096 15031 15045 
15348 15469 15519 15399 15589 15426 15478 15338 15383 15519 15387 15524 15503 15312 15413 15448 15412 15482 15503 15461 15465 15369 15440 15422 15492 15424 15423 15447 15473 15514 15520 15391 15478 15380 15509 15478 15583 15383 15507 15387 15480 15495 15540 15496 15424 15489 15457 15485 15370 15432 
15773 15860 15867 15857 15879 15800 15840 15804 15790 15776 15829 16035 15812 15802 15811 15714 15809 15881 15660 15848 15862 15779 15815 15759 15882 15876 15880 15810 15714 15913 15767 15874 15774 15859 15773 15892 15771 15814 15855 15798 15858 15761 15768 15894 15878 15879 15764 15701 15874 15786 
16234 16276 16215 16291 16158 16177 16238 16258 16300 16211 16197 16109 16286 16068 16290 16152 16134 16227 16198 16229 16154 16279 16084 16239 16129 16249 16128 16117 16157 16132 16109 16237 16178 16127 16076 16236 16211 16152 16269 16146 16183 16177 16186 16175 16219 16239 16097 16180 16179 16134 
16574 16452 16548 16522 16538 16610 16563 16654 16465 16415 16477 16417 16512 16573 16547 16534 16542 16647 16561 16467 16512 16538 16495 16548 16579 16561 16606 16548 16582 16571 16659 16530 16602 16424 16597 16563 16632 16638 16515 16564 16552 16527 16602 16511 16512 16529 16565 16512 16567 16688 
16807 16898 16993 17047 16847 16945 16985 16917 17111 16982 16806 16939 16879 17074 16961 16816 16995 16773 16905 16982 16901 16910 16837 17012 16774 16870 17009 16963 16894 16992 16845 16801 17037 16795 16860 16807 16880 17023 16876 16941 16937 16787 17015 16920 16944 16879 16847 16958 17009 16886 
17182 17141 17253 17396 17349 17272 17172 17370 17176 17344 17318 17364 17276 17216 17308 17397 17326 17275 17301 17305 17151 17162 17330 17287 17419 17253 17225 17262 17323 17251 17239 17211 17311 17324 17355 17198 17247 17355 17151 17178 17264 17304 17224 17253 17312 17248 17359 17296 17401 17286 
17736 17598 17681 17598 17686 17559 17797 17633 17608 17642 17721 17745 17711 17797 17500 17617 17667 17677 17628 17649 17706 17547 17546 17693 17656 17673 17652 17501 17624 17525 17636 17690 17601 17716 17738 17683 17539 17743 17647 17659 17584 17600 17619 17651 17675 17603 17571 17707 17702 17678 
17887 17944 17934 17987 17849 18089 18080 18100 18061 18080 17971 17967 17939 18047 17972 18012 18099 18024 18046 18018 17997 18060 18083 17910 18007 18064 17960 18008 18139 18182 18033 18051 18032 18000 17991 17898 18061 18159 18101 18050 17998 18139 18058 18115 18082 18056 18096 17969 17939 17938 
18405 18393 18385 18302 18560 18338 18431 18404 18339 18512 18425 18537 18465 18486 18397 18396 18473 18414 18357 18272 18538 18351 18427 18428 18426 18380 18278 18395 18259 18354 18477 18376 18413 18425 18353 18313 18405 18451 18382 18422 18478 18463 18432 18388 18474 18363 18357 18267 18484 18360 
18649 18767 18837 18748 18721 18862 18736 18862 18684 18699 18614 18889 18636 18782 18729 18723 18818 18779 18894 18788 18757 18886 18810 18717 18842 18800 18729 18643 18762 18853 18876 18792 18869 18674 18812 18735 18796 18728 18792 18848 18733 18835 18867 18714 18787 18726 18690 18831 18683 18828 
19159 19219 19048 19029 19068 19171 19075 19161 18993 19207 19220 19126 19150 19240 19229 19114 19088 19097 19008 19179 19152 19143 19081 19141 19139 19059 19198 19159 19120 19109 19202 19239 19035 19107 19114 19101 19158 19173 19191 19169 19087 19098 19146 19114 19215 19037 19203 19119 19224 19105 
19500 19456 19530 19459 19560 19394 19452 19482 19491 19525 19531 19499 19417 19551 19450 19517 19479 19500 19450 19437 19502 19506 19683 19518 19449 19416 19549 19537 19525 19382 19562 19541 19612 19609 19425 19461 19521 19448 19458 19453 19508 19480 19497 19419 19471 19457 19578 19518 19545 19445 
19905 19889 19810 19797 19903 19737 19820 19920 19921 19961 19888 19816 19929 19784 19917 20045 19807 19853 19869 19841 19810 19702 19789 19840 19966 19915 19887 19917 19925 19866 19911 19855 19891 19782 19890 19846 19802 19889 19814 19720 19840 19911 19837 19756 19863 19917 19795 19882 19960 19899 
20356 20337 20266 20181 20244 20278 20381 20192 20186 20260 20273 20197 20110 20201 20148 20246 20219 20138 20157 20189 20325 20149 20234 20284 20159 20366 20271 20208 20154 20230 20193 20078 20273 20114 20224 20221 20347 20247 20185 20154 20216 20198 20346 20292 20235 20178 20219 20258 20002 20258 
20594 20551 20487 20513 20720 20682 20467 20680 20738 20475 20691 20649 20545 20707 20704 20696 20503 20652 20679 20579 20696 20642 20652 20584 20528 20427 20520 20629 20653 20591 20589 20686 20665 20558 20690 20614 20544 20634 20543 20521 20504 20472 20478 20536 20498 20666 20593 20702 20667 20578 
21030 20914 21035 20897 20888 21005 20891 21065 21063 20930 20936 21027 21013 21001 21074 20936 20920 20884 21113 20956 21058 21028 21007 20918 21077 21019 20859 20986 21025 20951 20962 20992 20822 20919 20954 20979 21030 20940 21001 20943 20898 20983 21103 21050 20914 20906 20995 20967 20988 20876 
21320 21316 21327 21355 21301 21336 21314 21379 21371 21406 21342 21304 21317 21366 21282 21388 21429 21353 21329 21314 21260 21324 21301 21369 21229 21432 21296 21246 21349 21373 21411 21454 21316 21279 21153 21383 21259 21335 21276 21404 21305 21286 21317 21344 21256 21387 21410 21369 21483 21445 
21690 21683 21756 21696 21646 21675 21717 21747 21985 21885 21780 21617 21687 21779 21593 21739 21667 21790 21687 21682 21777 21794 21820 21714 21699 21712 21688 21836 21641 21711 21765 21709 21655 21835 21627 21653 21709 21752 21703 21656 21694 21726 21777 21662 21751 21701 21560 21717 21616 21621 
22128 22063 22059 22049 22038 22029 21983 22203 22011 21952 22010 22215 22000 21933 22053 22075 22029 22141 22073 22112 22069 22147 22048 22051 22112 22010 22124 22026 22113 21958 22022 22160 22173 22158 22072 22018 21997 21975 22060 22175 22091 22052 22176 22102 22076 22089 22169 21970 22196 22022 
22450 22298 22546 22402 22321 22330 22398 22445 22292 22572 22448 22492 22433 22474 22390 22447 22353 22572 22530 22431 22521 22476 22484 22573 22440 22524 22479 22441 22361 22351 22418 22524 22525 22342 22399 22473 22499 22381 22247 22318 22355 22416 22547 22355 22435 22641 22415 22479 22478 22413 
22868 22822 22839 22773 22622 22787 22812 22713 22920 22883 22758 22848 22894 22810 22770 22899 22833 22898 22899 22827 22774 22868 22874 22955 22841 22886 22670 22729 22738 22742 22731 22793 22854 22699 22916 22842 22878 22849 22660 22836 22673 22794 22895 22792 22696 22854 22813 22882 22900 22586 
23265 23265 23154 23194 23216 23187 23159 23124 23136 23045 23155 23098 23260 23130 23246 23130 23199 23187 23222 23186 22979 23172 23317 23137 23171 23167 23155 23137 23151 23201 23200 23170 23152 23195 23271 23298 23291 23164 23246 23095 23174 23126 23272 23058 23278 23230 23101 23177 23296 23072 
23551 23431 23579 23537 23503 23428 23367 23638 23564 23651 23594 23528 23484 23637 23610 23420 23428 23582 23591 23607 23505 23493 23469 23537 23649 23542 23623 23517 23698 23468 23450 23479 23595 23471 23506 23486 23534 23470 23626 23543 23521 23549 23648 23621 23637 23473 23465 23591 23547 23529 
23858 23964 23983 23976 23905 23937 23780 24014 23848 24014 23857 23856 23928 23878 23948 23960 23981 23894 23956 23772 24005 23937 23883 23911 23889 23916 23853 23742 24027 23763 23845 23974 23814 24031 23937 23896 23842 23859 24088 24007 23996 23915 23787 24073 23919 23834 23922 24022 23974 24011 
24204 24275 24343 24254 24351 24223 24305 24250 24303 24253 24237 24347 24237 24127 24250 24427 24246 24265 24292 24391 24264 24342 24313 24233 24320 24161 24304 24208 24155 24089 24170 24286 24414 24307 24437 24204 24257 24243 24327 24345 24307 24292 24305 24228 24266 24236 24332 24292 24271 24222 
24587 24798 24589 24808 24658 24620 24695 24652 24598 24555 24589 24614 24571 24777 24665 24754 24505 24700 24679 24683 24837 24653 24588 24594 24680 24636 24600 24653 24539 24705 24610 24843 24609 24692 24721 24697 24646 24587 24733 24707 24671 24594 24705 24709 24690 24602 24734 24662 24514 24764 
25023 25032 25014 25058 24999 24954 24975 24952 24956 25065 25123 24917 25031 25002 24869 25088 24840 25139 25052 24821 24966 25018 24957 24938 24915 25016 24959 24947 25120 24901 25016 25101 24926 25116 25161 25043 25036 24986 25035 25066 25205 24933 24973 25003 24923 25048 24872 25062 24982 24969 
25451 25373 25388 25326 25314 25397 25318 25434 25288 25468 25503 25277 25441 25281 25525 25396 25387 25132 25505 25478 25413 25421 25314 25491 25276 25319 25322 25460 25495 25417 25482 25463 25506 25435 25430 25440 25303 25291 25409 25427 25459 25381 25350 25430 25333 25276 25616 25425 25450 25397 
25826 25809 25751 25724 25661 25529 25846 25682 25914 25651 25736 25797 25699 25728 25868 25709 25585 25861 25825 25752 25835 25651 25686 25722 25766 25948 25814 25732 25787 25617 25883 25848 25648 25623 25855 25739 25806 25677 25690 25834 25796 25737 25716 25803 25658 25785 25748 25747 25814 25635 
26150 26139 26061 26110 26048 26154 26121 26031 26107 26160 26225 26089 25963 26019 26092 26351 26115 26118 26155 26187 26238 26119 26105 26116 26215 26097 26163 26154 26232 26103 26068 26142 26028 26257 26149 26109 25934 26262 26029 26151 26075 26123 26045 26205 26322 26289 26156 26053 26118 26141 
26634 26464 26669 26487 26521 26551 26550 26477 26561 26476 26352 26506 26418 26332 26593 26628 26517 26397 26577 26532 26545 26525 26369 26570 26643 26335 26450 26550 26481 26615 26448 26468 26466 26506 26460 26386 26590 26526 26496 26421 26533 26422 26398 26555 26385 26394 26294 26504 26459 26474 
26943 26945 26886 26995 27006 26876 26744 26873 26914 26906 26755 26853 26792 26905 26774 26998 26888 26688 26857 26821 26881 26776 26869 27010 26907 26926 26898 26755 26793 26741 26917 26938 26760 26920 26830 26761 26958 26934 26869 26878 26792 26750 26774 26671 26948 27152 26859 26920 26826 27004 
27257 27182 27260 27214 27277 27120 27224 27314 27287 27290 27287 27214 27238 27186 27108 26938 27245 27301 27163 27157 27186 27000 27302 27180 27240 27221 27266 27259 27354 27162 27433 27209 27329 27245 27208 27178 27179 27226 27189 27194 27215 27186 27203 27104 27371 27223 27221 27337 27463 27369 
27605 27671 27369 27585 27635 27576 27627 27619 27587 27607 27593 27536 27634 27517 27710 27544 27757 27431 27531 27518 27437 27583 27703 27533 27545 27637 27576 27603 27597 27726 27575 27623 27484 27645 27446 27507 27628 27624 27552 27655 27483 27689 27570 27685 27739 27432 27647 27615 27543 27607 
28022 28044 28018 28086 27855 27952 28136 28017 27917 27929 27992 27895 27870 28086 27908 28057 28037 28085 28041 27914 27968 27906 27916 28084 27987 27880 27939 28000 28024 28029 27990 28111 27891 27945 28019 27881 28180 27916 28043 27819 27841 28035 27958 28071 27954 27938 28030 27944 28002 28058 
28356 28375 28340 28021 28193 28243 28349 28367 28322 28428 28370 28184 28266 28422 28495 28206 28488 28407 28315 28344 28356 28382 28322 28423 28374 28295 28211 28382 28412 28283 28357 28334 28292 28256 28546 28295 28238 28372 28288 28285 28334 28431 28446 28328 28297 28350 28202 28244 28246 28295 
28660 28706 28562 28792 28536 28638 28597 28552 28656 28632 28749 28616 28517 28865 28644 28791 28701 28847 28694 28775 28785 28782 28766 28547 28671 28656 28718 28677 28712 28632 28755 28691 28536 28729 28714 28804 28823 28740 28666 28598 28580 28645 28615 28621 28659 28699 28836 28657 28632 28589 
29118 29054 29023 28887 29039 29014 29109 29071 28967 28927 29088 29084 29174 29288 29180 29083 29067 29117 29204 29156 28940 29110 28994 29032 29036 29088 29044 29079 29000 29156 29073 29042 28915 28980 29072 28992 29109 29060 29140 29156 29041 29133 29087 29083 29108 28984 28974 29161 29236 29132 
29591 29380 29419 29202 29403 29348 29414 29283 29450 29489 29401 29397 29400 29383 29244 29276 29445 29547 29407 29453 29431 29459 29471 29539 29326 29419 29497 29483 29352 29438 29644 29414 29607 29482 29425 29346 29432 29476 29591 29431 29290 29480 29469 29436 29354 29366 29500 29508 29342 29516 
29804 29725 29782 29728 29845 29733 29776 29703 29780 29888 29773 29707 29846 29937 29804 29785 29681 29726 29777 29749 29856 29783 29609 29778 29951 29923 29767 29878 29725 29736 29829 29690 29747 29782 29890 29790 29777 30026 29771 29718 29784 29654 29735 29773 29567 29775 29776 29789 29790 30012 
30277 30195 30155 30184 30344 30218 30165 30034 30017 30097 30141 30017 30276 30144 30355 30137 30110 30355 30066 30185 30134 30113 30256 30143 30095 30099 30086 30217 30073 30278 30188 30253 30151 30207 30049 30124 30118 30167 29990 30160 30113 30248 30318 30118 30125 30229 30087 30165 30018 30086 
30598 30619 30726 30558 30704 30648 30540 30560 30494 30404 30583 30436 30694 30587 30640 30606 30497 30549 30535 30565 30481 30329 30575 30549 30512 30559 30629 30534 30596 30533 30428 30505 30737 30445 30447 30418 30258 30469 30410 30689 30569 30551 30477 30520 30437 30551 30442 30555 30417 30641 
30883 30975 30894 30873 30809 31037 30848 30881 30773 30857 30822 31045 30901 30836 30990 30840 30886 31027 30898 30942 30895 30831 31033 30892 30657 30835 31010 30966 30956 30846 30894 30914 30998 30909 30698 30997 30885 30780 30956 30845 30798 30858 30880 30926 30946 30945 31008 30830 30938 30909 
31273 31462 31285 31183 31172 31165 31274 31259 31363 31230 31266 31280 31337 31244 31268 31172 31141 31338 31030 31178 31347 31233 31179 31334 31240 31233 31113 31306 31338 31261 31258 31271 31274 31317 31347 31202 31293 31401 31350 31238 31340 31521 31340 31271 31396 31294 31386 31503 31253 31122 
31624 31926 31585 31767 31689 31648 31747 31583 31734 31796 31679 31630 31759 31657 31779 31709 31740 31635 31656 31628 31487 31555 31532 31603 31590 31868 31482 31744 31687 31603 31706 31658 31715 31838 31511 31674 31678 31644 31555 31489 31676 31741 31679 31731 31707 31635 31444 31529 31688 31732 
31942 31939 32098 31924 32107 32038 32004 32005 32079 32011 31908 32081 32029 31817 32028 31970 31831 31915 32210 31983 31915 31930 31956 31951 32147 32128 32090 32090 32044 32068 31866 32032 31860 31813 32062 31998 32032 32024 32016 31921 31891 32005 32006 31945 32106 31960 31982 31966 32125 31950 
32575 32498 32348 32577 32347 32348 32325 32473 32338 32432 32237 32305 32471 32366 32320 32460 32335 32367 32356 32353 32311 32486 32288 32320 32484 32423 32245 32370 32381 32390 32296 32340 32308 32412 32273 32357 32376 32274 32240 32407 32251 32351 32420 32403 32308 32305 32377 32395 32228 32333 
32711 32805 32708 32677 32772 32588 32601 32677 32887 32947 32713 32752 32825 32708 32892 32849 32688 32583 33014 32628 32581 32762 32830 32888 32569 32708 32606 32702 32664 32803 32672 32754 32842 32809 32811 32851 32764 32757 32706 32553 32620 32826 32443 32879 32723 32892 32606 32637 32655 32644 
32958 33004 33177 33105 33126 33051 33131 33144 32983 33149 33080 33168 33052 33032 33192 33150 32945 33061 33106 33072 33043 33042 33108 32939 33334 33201 33145 33262 33296 33035 33126 33275 33314 33071 33143 33258 33030 33178 33279 33040 33149 33182 32995 33058 33078 33060 33093 33171 33163 33025 
33594 33561 33302 33447 33523 33434 33652 33356 33519 33467 33496 33480 33450 33546 33463 33475 33476 33533 33421 33437 33442 33619 33377 33492 33468 33546 33322 33404 33434 33479 33563 33403 33432 33436 33443 33494 33396 33234 33727 33355 33378 33497 33524 33610 33446 33493 33392 33393 33430 33389 
33712 33755 33863 33858 33964 33785 33907 33755 33938 33830 33913 33824 33930 33741 33813 33730 33761 33749 33878 33922 33937 33702 33729 33848 33873 33966 33846 33836 33892 33877 33915 33895 33775 33913 33796 33662 33852 34026 33826 33970 33731 33777 34025 33823 33967 33882 33977 33819 33787 33764 
34035 34166 34189 34264 33962 34089 34237 34204 34309 34287 34272 34237 34151 34038 34337 34182 34127 34212 34128 34149 34282 34077 34253 34344 34186 34374 34079 34166 34287 34226 34308 34182 34220 34238 34038 34302 34143 34170 34144 34119 34315 34083 34349 34331 33857 34356 34093 34203 34327 34220 
34554 34508 34739 34640 34560 34638 34539 34564 34624 34652 34472 34571 34500 34366 34451 34594 34682 34569 34684 34523 34669 34523 34487 34560 34518 34494 34613 34565 34543 34595 34672 34532 34656 34650 34570 34475 34408 34638 34431 34593 34488 34734 34513 34624 34619 34542 34745 34709 34590 34427 
35036 34871 34888 34894 34875 35018 34915 34878 35049 34833 35217 34972 35028 35146 34998 35008 35094 35154 35047 34969 34895 35049 34857 34902 34955 34932 34906 34918 34827 35148 35018 34911 35049 35000 34931 34994 34964 34960 34898 35209 34886 35082 35044 34799 34896 35015 35014 34940 34891 34939 
35072 35379 35339 35284 35382 35252 35131 35303 35274 35212 35475 35366 35202 35409 35311 35451 35383 35298 35505 35308 35299 35397 35148 35201 35469 35373 35342 35520 35286 35395 35333 35238 35284 35221 35252 35203 35409 35313 35479 35385 35317 35383 35147 35242 35306 35324 35191 35254 35388 35192 
35700 35744 35582 35769 35684 35797 35734 35651 35558 35561 35690 35646 35639 35599 35530 35744 35487 35559 35468 35747 35834 35521 35664 35491 35769 35742 35596 35832 35691 35691 35674 35780 35747 35700 35413 35616 35777 35723 35766 35773 35741 35738 35719 35699 35562 35562 35694 35581 35771 35651 
36000 35957 36032 35907 36137 36017 36156 36015 35949 36103 35977 35973 36054 36077 36101 36110 36005 36124 35945 35984 36190 35916 36039 36254 36086 35926 36156 36092 36109 36033 35953 35982 36173 35970 36152 36162 35997 35810 36124 36054 35990 36031 36052 36129 35958 36022 36024 36060 36127 35986 
36335 36361 36356 36412 36370 36375 36429 36303 36611 36341 36365 36484 36263 36327 36460 36408 36484 36485 36292 36289 36480 36481 36473 36321 36400 36403 36552 36322 36490 36376 36356 36498 36412 36377 36564 36327 36295 36178 36357 36426 36331 36338 36233 36313 36456 36548 36247 36344 36511 36472 
36775 36762 36740 36848 36858 36751 36874 36819 36982 36791 36734 36800 36664 36691 36830 36806 36539 36674 36697 36800 36664 36800 36965 36669 36739 36777 36719 36895 36637 36798 36871 36799 36792 36724 36724 36668 36688 36806 36782 36767 36891 36895 36777 36849 36726 36919 36742 36798 36839 36809 
