44 24 44 107 64 41 48 19 36 31 53 37 54 39 16 36 52 44 34 17 69 47 27 45 25 61 18 58 41 24 51 20 47 22 38 99 23 42 40 41 22 36 25 8 52 23 68 28 10 34 
81 33 96 151 54 61 51 62 92 69 129 58 35 93 12 166 59 114 140 48 69 55 9 26 98 51 61 49 41 76 44 29 76 162 22 41 46 8 59 40 69 50 57 79 17 14 46 35 9 43 
50 46 133 22 74 94 87 28 113 42 83 173 91 4 61 105 131 104 46 87 145 32 55 48 44 70 19 78 53 80 100 41 64 73 16 30 45 43 66 54 90 52 79 125 73 72 136 31 96 108 
28 46 177 75 88 71 69 78 103 41 17 35 103 108 49 95 56 88 118 49 26 32 66 20 59 80 59 97 43 71 157 41 149 85 85 48 165 62 74 33 87 12 130 19 48 79 76 61 88 65 
54 55 187 42 198 85 190 101 99 77 114 46 69 60 68 117 112 101 162 113 76 98 167 106 35 100 64 96 45 71 91 138 136 143 69 156 168 27 38 63 160 52 45 60 68 160 114 160 54 53 
80 10 95 194 211 97 147 312 20 62 78 123 145 155 127 215 239 61 40 42 61 160 64 144 62 71 108 133 64 176 92 51 49 144 83 145 172 82 109 131 91 224 118 73 117 45 104 213 115 169 
71 61 68 54 96 65 102 28 114 168 90 56 143 81 78 221 48 103 52 98 87 71 207 170 156 115 55 140 151 95 71 41 13 134 199 96 207 82 66 146 129 104 78 124 113 63 106 44 48 127 
154 127 106 205 212 33 144 28 88 174 166 91 77 189 46 69 121 151 113 147 77 114 140 165 193 47 111 85 176 92 142 148 44 12 147 101 296 82 39 139 96 142 48 201 146 193 183 58 117 231 
60 73 69 114 60 147 37 60 188 76 92 149 119 123 235 209 170 157 144 200 126 121 319 23 79 128 170 78 124 166 120 28 147 68 85 121 162 289 247 29 136 68 110 85 237 43 95 136 223 113 
196 144 57 158 52 110 111 212 98 14 47 92 167 87 189 80 165 64 75 104 202 122 25 111 44 26 108 128 67 70 175 49 155 283 137 37 27 130 156 19 34 43 66 172 129 189 63 34 94 38 
84 92 186 81 171 48 203 183 95 169 177 232 108 173 128 94 72 134 96 207 245 195 63 149 105 76 23 104 187 124 122 109 109 151 106 212 94 136 16 104 46 110 57 317 42 88 130 179 89 85 
156 8 12 189 50 198 64 165 137 116 106 145 184 48 235 137 30 265 63 186 134 153 59 122 332 137 111 61 70 144 197 132 177 192 91 179 100 129 57 170 212 241 95 110 224 160 146 338 176 248 
61 150 120 2 207 156 224 135 168 213 221 182 31 28 207 117 139 267 143 322 203 127 220 216 295 148 155 110 62 92 211 132 129 177 186 256 76 125 151 110 134 71 119 135 175 104 57 102 271 102 
256 149 68 276 128 201 183 64 225 120 135 57 140 341 183 145 154 160 325 140 14 120 97 112 31 317 112 101 278 244 196 55 172 250 71 229 154 202 190 194 177 196 113 55 200 100 214 77 132 250 
247 70 120 137 80 162 134 51 165 165 138 193 19 51 223 68 113 181 34 130 177 194 81 230 109 128 287 146 206 91 265 101 119 100 58 215 178 153 234 267 133 200 108 25 100 115 141 167 191 89 
210 162 87 126 161 47 210 128 233 123 115 180 218 74 251 57 265 173 135 58 179 296 98 18 114 133 18 134 84 43 236 399 287 103 181 158 16 17 166 81 335 190 140 186 114 138 198 124 53 93 
125 121 88 238 103 120 151 57 125 127 61 112 106 302 121 334 155 7 351 216 130 251 197 77 95 31 287 281 163 57 124 259 183 38 168 304 188 42 300 376 234 72 112 222 137 253 122 116 47 359 
178 91 100 92 206 150 264 132 132 105 238 247 336 64 183 21 110 151 256 327 139 119 294 294 115 205 89 200 154 130 203 139 129 167 125 192 98 203 97 113 152 97 109 94 121 210 119 202 145 302 
343 147 92 83 163 211 110 72 226 108 149 135 129 171 200 248 151 230 59 99 100 215 215 386 119 76 134 16 160 217 176 48 105 204 44 163 167 117 198 230 127 26 74 191 80 15 68 279 186 163 
96 276 184 347 115 180 263 275 151 164 99 416 112 166 103 168 290 158 177 260 124 139 90 53 29 46 208 321 220 226 166 300 278 280 170 27 12 227 37 197 175 327 237 182 126 73 139 217 194 92 
341 221 162 60 91 28 83 204 228 204 48 132 195 102 216 130 417 65 99 145 212 144 127 131 276 45 194 303 207 102 156 81 74 76 285 204 179 171 247 410 125 93 64 96 242 224 197 103 70 87 
444 299 238 368 242 217 178 44 136 274 133 178 251 35 95 238 313 236 145 68 278 189 131 205 238 358 475 202 247 231 115 290 277 78 122 221 363 162 284 91 232 112 482 104 338 469 93 413 85 315 
141 78 271 114 205 135 154 133 53 187 70 194 256 112 228 204 391 204 262 123 245 211 102 228 176 362 77 409 268 168 237 321 51 151 100 256 347 188 267 308 337 132 192 163 236 96 182 310 252 100 
217 361 246 157 234 147 115 187 253 127 152 69 214 215 96 86 254 184 99 190 178 296 163 14 566 58 265 155 27 178 185 79 364 192 344 192 169 184 156 192 49 190 258 185 9 194 256 126 218 136 
292 341 31 249 158 143 360 235 236 244 259 68 107 77 116 258 86 73 269 122 126 177 356 209 146 128 112 200 149 351 323 225 231 183 401 172 242 290 158 299 198 250 377 273 80 174 219 290 334 176 
424 129 111 84 171 284 193 61 206 337 178 293 311 48 237 144 188 115 197 76 281 172 417 185 305 167 222 264 171 135 393 361 154 216 43 581 217 281 158 269 214 283 40 84 265 155 238 122 346 217 
366 164 243 250 63 82 263 123 287 193 210 251 181 129 272 221 285 341 220 170 122 339 233 236 245 89 108 186 292 71 468 112 397 45 95 125 336 79 24 390 242 317 185 220 90 51 129 87 225 337 
304 141 233 281 79 342 272 233 243 130 71 202 207 203 163 529 120 197 325 225 76 413 67 215 300 58 390 308 228 174 386 326 125 25 94 323 413 634 105 71 259 211 287 382 90 225 269 201 341 109 
236 322 161 129 189 304 108 155 117 171 529 152 121 256 173 114 327 320 44 240 359 384 361 301 415 490 266 188 69 222 189 184 251 496 65 330 143 378 306 356 158 191 248 354 185 314 289 218 510 232 
78 107 220 262 192 255 277 116 171 48 145 72 373 122 312 264 162 245 250 339 220 243 92 140 387 213 153 214 629 112 105 18 493 158 178 99 351 132 118 169 168 212 535 445 230 239 279 211 366 255 
152 110 121 231 371 246 70 295 59 196 224 363 422 198 368 226 161 259 146 213 379 219 278 232 119 385 169 98 190 64 118 113 90 154 182 119 411 159 297 323 205 117 117 324 307 151 120 206 165 255 
364 281 244 109 350 327 355 219 306 178 149 108 252 147 221 103 182 152 229 81 386 151 236 302 253 202 339 380 113 52 289 166 273 180 309 198 372 275 299 168 68 132 143 192 253 369 248 55 56 53 
419 166 171 408 335 150 215 193 379 402 302 252 339 193 216 255 115 206 72 231 66 372 142 291 159 303 315 135 402 88 203 97 366 351 304 236 219 130 135 161 217 121 134 218 332 47 154 302 201 302 
159 489 302 579 146 268 61 68 253 230 202 160 155 46 208 168 103 247 277 228 158 115 357 351 111 328 136 407 315 63 493 138 80 330 314 374 32 294 260 193 150 234 389 205 514 157 60 288 274 65 
152 286 324 279 144 310 326 197 358 440 238 276 150 97 139 340 123 273 258 157 233 170 212 313 99 138 110 495 257 154 224 78 204 253 281 118 422 107 72 243 170 197 121 157 67 205 9 135 154 426 
287 402 204 233 401 195 106 201 352 155 225 156 199 237 289 215 346 140 327 509 265 381 118 79 271 339 532 296 24 237 214 362 271 242 233 271 275 279 171 278 126 159 219 132 387 349 105 210 66 154 
510 241 175 324 225 238 53 227 308 101 159 502 208 230 214 184 169 191 272 57 293 383 280 52 113 32 92 381 130 502 269 265 225 98 224 272 198 122 231 88 154 341 185 171 215 334 189 188 320 329 
138 235 243 81 389 194 233 66 426 307 92 47 83 227 271 432 390 64 246 317 73 146 122 284 354 161 235 226 140 129 304 25 230 302 340 338 229 236 383 305 386 72 320 72 296 165 196 193 154 300 
145 269 131 63 284 26 86 271 458 149 320 197 568 256 234 191 245 77 317 373 583 515 251 116 445 607 498 376 334 270 359 475 56 377 218 368 355 308 121 611 167 127 488 289 217 182 28 220 282 284 
254 93 264 255 148 81 323 254 167 146 177 390 116 212 343 305 472 102 335 76 216 147 299 299 291 393 185 86 508 388 322 84 411 427 141 226 125 123 395 360 336 359 276 308 207 220 87 203 465 151 
177 103 218 191 42 87 220 33 152 314 197 334 154 306 287 109 303 374 111 205 141 281 235 533 144 116 173 481 317 632 248 348 275 318 241 172 136 392 208 193 259 388 250 224 325 112 385 302 528 225 
215 175 239 284 108 359 91 464 305 131 355 119 254 348 309 220 416 501 222 293 252 56 8 36 99 391 355 195 353 217 102 74 342 311 164 119 346 228 448 269 160 320 356 222 447 278 381 578 407 368 
65 413 363 55 87 332 221 612 300 460 242 126 404 484 190 185 214 332 489 77 355 501 387 136 321 305 492 207 426 341 673 297 125 320 260 425 285 47 430 49 366 343 359 293 318 312 173 411 598 329 
84 308 318 91 468 339 508 47 120 454 63 413 273 557 686 330 178 164 352 156 154 348 236 268 426 722 350 420 457 203 118 235 61 93 405 264 84 343 277 212 221 193 360 115 68 175 147 258 582 398 
269 135 92 125 158 427 202 178 50 539 281 184 244 243 178 367 453 556 182 348 571 414 418 350 289 180 289 151 135 282 27 359 474 344 310 237 322 321 217 419 302 304 296 94 230 264 198 382 231 332 
149 259 101 197 187 455 219 246 83 152 336 198 317 198 249 536 104 303 209 59 209 289 154 385 317 369 358 358 313 156 251 315 294 225 392 371 466 168 395 459 335 280 734 270 278 376 267 231 149 348 
336 286 192 350 208 238 608 270 402 423 277 152 324 33 236 349 233 199 183 623 405 300 218 489 88 81 150 182 299 220 272 361 495 248 114 171 119 371 198 195 138 443 167 401 305 261 294 464 514 353 
100 34 432 181 31 291 626 359 137 372 231 89 341 222 106 646 230 243 44 134 198 464 14 288 294 265 108 502 511 928 399 295 364 521 374 161 360 187 356 127 251 240 82 397 196 398 198 280 52 471 
251 334 631 116 193 274 202 286 459 258 375 479 104 256 197 317 217 308 230 394 173 390 220 273 355 365 322 119 206 294 331 476 192 263 320 427 479 251 275 182 261 168 369 186 448 240 305 150 364 32 
399 287 218 94 421 130 393 184 181 311 522 180 301 372 188 213 214 464 322 710 241 380 299 613 245 511 330 217 292 502 92 233 256 268 347 402 262 291 81 381 179 346 326 193 278 473 84 211 559 36 
218 382 98 321 41 159 175 253 334 193 186 134 259 135 584 285 376 357 650 108 184 116 286 338 340 153 71 565 153 378 271 389 310 377 103 502 199 389 155 81 572 356 213 266 90 489 164 232 11 354 
266 219 475 322 361 255 241 338 608 86 305 273 123 244 355 680 682 119 574 142 79 196 288 183 310 340 283 324 152 190 189 236 480 186 218 123 245 302 85 185 285 419 631 309 620 215 149 153 348 219 
83 297 45 586 123 537 174 164 229 371 354 119 340 116 258 222 194 221 137 368 68 492 185 169 140 456 273 252 200 191 450 378 58 210 201 402 221 387 141 134 565 231 22 501 287 413 550 253 394 83 
365 417 97 323 420 239 331 403 337 297 207 241 419 198 408 308 394 250 350 176 156 405 253 240 175 200 601 207 331 268 275 306 209 345 451 330 510 833 510 209 208 223 447 180 153 265 407 202 291 234 
291 54 264 183 217 553 313 280 224 185 25 261 72 469 226 417 97 161 515 226 443 148 104 279 265 52 346 165 467 333 116 91 447 312 367 372 121 327 459 317 478 401 253 269 463 122 317 204 163 433 
373 560 475 593 244 251 380 105 354 97 169 57 282 293 588 177 284 154 243 163 177 531 49 193 379 238 153 121 171 146 171 343 362 261 346 130 188 181 77 240 413 182 135 603 193 250 341 347 226 208 
169 224 601 405 139 68 199 454 320 219 136 124 130 92 325 423 972 468 334 296 359 319 578 359 295 449 228 524 613 396 274 183 764 556 506 508 389 378 648 481 288 206 208 385 115 267 113 430 348 246 
176 279 318 174 562 291 432 329 338 80 327 453 97 485 39 386 366 356 178 111 276 325 368 379 306 248 170 453 174 99 160 318 265 55 177 475 348 324 462 167 86 255 303 237 123 293 440 168 92 228 
416 217 98 184 138 201 399 330 334 425 275 355 778 269 61 389 274 274 310 178 87 171 341 371 194 264 672 257 395 430 451 683 166 244 173 453 106 659 303 118 492 258 380 264 332 159 245 436 229 191 
463 181 495 278 175 291 259 266 319 412 378 235 232 202 209 629 105 290 394 236 654 474 140 694 300 177 542 263 337 288 71 370 165 447 474 417 354 197 355 213 87 281 164 608 188 114 296 156 70 452 
586 303 647 77 238 258 213 450 63 227 480 353 359 601 143 41 265 263 498 216 628 404 162 373 367 336 178 195 367 573 211 368 56 326 1121 483 404 317 152 244 94 144 286 111 392 248 330 534 283 483 
302 235 273 341 507 234 431 334 150 435 322 415 242 196 604 150 190 154 337 147 545 429 503 371 141 249 290 371 142 31 177 198 420 278 186 439 187 72 127 211 360 529 430 584 322 296 132 287 298 133 
536 185 192 738 656 591 86 294 276 121 249 392 302 199 315 582 175 111 426 301 333 243 218 673 528 423 127 187 190 172 315 281 282 532 355 293 676 408 223 140 327 263 431 656 409 35 322 276 502 194 
103 298 372 520 186 228 40 446 473 309 358 546 83 500 226 325 348 261 45 374 159 229 167 126 227 523 219 203 166 204 250 253 286 241 362 278 407 600 182 98 306 257 225 408 257 272 458 239 346 93 
88 249 543 166 671 362 154 322 301 726 172 278 94 237 469 642 279 364 681 409 151 418 339 438 229 203 211 127 171 367 110 197 490 472 247 161 357 369 242 159 356 221 363 78 371 396 370 444 208 256 
388 758 303 399 561 382 443 373 247 178 266 87 137 271 81 196 524 271 631 459 454 79 191 433 536 360 113 224 303 268 258 398 580 396 121 333 115 200 50 253 156 215 217 298 63 372 417 585 379 323 
374 112 467 527 86 716 719 376 181 510 268 244 171 456 218 34 476 96 571 572 467 176 619 332 940 117 310 269 364 165 269 506 178 465 485 406 129 254 485 397 465 163 119 253 323 439 520 247 436 296 
72 393 331 126 300 366 109 350 465 319 369 204 527 529 130 485 446 276 147 138 384 241 379 389 563 176 393 527 515 178 285 167 475 422 412 504 322 299 236 180 316 308 325 526 163 367 677 216 301 620 
529 311 366 559 143 358 108 559 339 450 175 476 434 463 360 458 681 326 638 160 268 463 216 565 656 338 204 605 436 227 122 251 130 187 632 277 242 512 456 425 387 192 326 493 146 216 467 161 510 544 
156 175 194 620 595 348 118 146 646 338 246 122 449 266 547 169 649 254 538 574 383 316 195 140 453 164 316 431 113 192 412 476 429 284 413 267 402 456 438 290 342 542 570 168 156 90 59 101 387 385 
524 133 689 113 65 253 153 407 333 89 180 745 305 140 376 464 788 392 301 564 37 162 167 88 210 594 416 187 357 641 604 258 467 662 290 104 182 403 332 326 579 352 600 216 271 171 252 562 198 311 
471 271 895 325 212 428 321 429 153 264 528 475 602 511 42 62 643 471 180 675 176 32 165 523 107 206 303 289 288 795 688 160 162 129 287 294 402 597 562 699 47 466 272 118 311 479 477 394 573 180 
284 475 357 620 365 455 173 437 335 256 168 265 552 323 284 217 158 150 273 537 520 512 457 533 788 246 172 59 88 72 272 386 620 169 48 338 117 487 336 541 276 298 456 100 111 96 312 479 265 105 
242 176 352 505 469 269 315 86 256 392 243 357 509 354 585 552 395 80 540 386 59 383 350 308 479 339 372 244 486 648 310 257 454 296 221 406 201 225 513 88 123 201 255 520 394 209 348 323 464 271 
218 236 699 335 542 431 117 160 166 518 863 432 417 178 340 259 395 110 314 568 12 372 200 144 568 99 281 409 449 447 339 582 109 473 677 485 296 245 590 369 391 935 615 91 483 746 372 134 414 557 
427 281 142 267 339 281 346 512 65 426 46 247 423 693 242 101 127 148 328 487 617 371 215 90 249 429 250 210 122 346 824 346 594 558 732 139 277 286 229 233 505 284 447 161 386 189 338 169 334 792 
361 360 356 145 363 343 413 536 349 455 125 338 472 286 362 598 241 210 316 497 560 328 607 265 460 576 575 434 329 551 417 206 226 296 71 171 507 525 400 469 115 224 485 202 419 310 374 323 459 221 
205 91 226 376 358 845 307 455 235 511 489 324 504 283 395 267 446 773 514 165 265 158 157 663 238 51 342 614 115 457 468 502 298 258 348 110 305 451 461 596 371 98 214 361 142 243 416 262 38 107 
201 50 514 440 584 852 201 67 458 389 457 131 106 32 244 465 436 55 378 288 419 211 347 445 333 293 76 345 511 469 276 58 484 325 172 208 289 747 420 322 248 41 159 453 631 397 745 58 473 379 
566 388 474 743 339 257 697 139 181 587 434 631 350 258 421 577 129 419 131 435 613 544 620 609 385 173 781 159 161 307 284 216 322 41 205 296 573 278 320 108 290 391 491 371 554 399 322 314 412 178 
353 505 273 400 420 424 164 271 255 713 196 266 500 35 403 313 699 310 568 298 134 213 177 492 273 287 257 276 638 394 369 579 843 240 666 235 789 590 495 797 163 462 185 500 624 359 391 441 32 271 
447 395 387 351 127 301 209 553 403 881 735 788 326 246 438 422 356 688 360 188 435 163 274 276 253 582 252 371 281 418 368 115 237 232 613 291 80 704 522 336 394 170 271 167 504 410 230 417 252 421 
477 619 425 268 366 442 514 458 177 295 363 170 204 81 304 875 165 108 548 459 194 214 535 269 369 202 212 808 360 782 284 140 125 443 389 128 167 604 494 771 673 362 473 664 373 531 84 661 343 519 
486 371 327 219 250 670 144 293 234 445 202 175 127 179 69 270 859 395 140 95 350 216 366 687 262 295 401 649 211 259 295 68 730 296 736 109 276 538 651 54 359 241 231 654 282 73 274 476 176 94 
737 385 298 118 141 319 372 961 70 54 177 154 93 508 232 352 287 449 23 564 450 294 50 282 402 484 204 102 384 114 463 683 476 299 149 348 651 549 339 186 346 754 326 403 573 266 177 370 436 214 
97 556 354 352 741 195 534 767 268 414 151 121 306 380 295 280 233 167 317 589 166 357 186 256 158 362 324 423 318 521 228 620 298 122 160 166 610 466 403 308 405 266 465 246 224 50 447 168 145 462 
626 54 296 259 338 305 249 612 222 313 355 315 85 690 69 222 361 415 317 449 337 274 74 157 671 412 970 114 526 575 697 311 495 644 650 162 301 432 505 392 759 343 244 271 145 54 276 506 338 91 
458 435 222 240 500 434 315 428 521 349 378 221 402 557 341 178 584 494 555 290 327 477 380 326 458 501 497 349 1016 327 137 553 550 99 139 570 406 326 495 192 231 344 391 244 66 459 199 493 671 253 
497 465 408 615 326 536 340 312 520 269 529 124 118 79 177 524 382 529 372 688 379 361 272 370 123 371 88 701 426 440 802 519 352 527 594 317 371 784 437 476 327 664 318 334 288 193 464 403 730 231 
322 85 65 895 231 212 459 810 420 521 434 339 232 602 594 335 125 475 535 294 95 145 180 235 347 160 543 513 303 360 301 594 495 268 312 509 355 504 592 268 295 188 504 341 762 623 377 604 158 453 
153 231 259 240 422 414 432 251 311 176 250 340 457 150 766 540 514 185 154 306 442 330 602 772 436 278 159 140 338 760 183 207 349 423 212 374 559 701 556 450 312 476 510 220 330 735 686 193 208 528 
186 256 932 658 484 184 609 313 493 459 627 326 218 664 557 153 325 116 254 238 442 366 228 701 452 376 259 223 395 698 231 116 351 211 212 211 676 425 486 347 433 111 278 639 338 331 378 563 810 322 
224 630 320 356 299 442 174 224 495 474 259 195 354 836 677 298 716 301 697 545 411 446 452 112 204 557 396 231 207 236 284 820 545 133 510 263 352 308 265 160 345 301 400 303 258 277 683 227 218 452 
493 144 488 296 215 517 298 156 697 497 219 388 68 18 83 353 305 483 404 84 364 603 318 854 688 222 383 298 201 387 559 132 750 221 717 158 679 633 358 555 606 367 742 40 111 927 214 158 334 523 
271 476 335 521 722 466 307 362 562 271 382 333 271 386 356 228 795 467 343 262 544 359 577 635 502 508 671 341 686 44 317 892 435 253 399 524 196 323 183 245 145 607 487 620 487 585 609 231 321 549 
608 137 381 338 793 491 593 137 271 322 513 302 450 125 228 221 290 178 127 221 451 768 878 616 513 669 547 525 429 233 660 467 674 368 589 669 71 388 446 91 599 236 610 309 204 478 643 727 480 456 
527 339 284 636 200 502 254 622 283 222 288 148 762 470 818 519 451 60 212 252 223 609 630 418 151 89 263 299 170 394 89 420 778 233 249 295 299 319 186 304 464 157 59 287 518 527 396 550 407 52 
218 506 117 273 88 443 229 494 606 409 350 448 652 195 706 381 424 531 620 90 310 160 326 150 507 838 529 295 428 406 470 516 350 397 176 381 82 307 167 349 469 93 374 169 341 283 534 564 617 392 
730 811 367 386 666 682 183 307 98 377 753 378 492 297 566 113 594 448 44 718 407 699 150 714 354 205 191 488 344 564 715 147 324 390 257 299 421 341 436 248 373 499 213 281 282 140 556 338 67 202 
365 452 407 466 289 538 411 678 174 497 338 311 353 1094 405 601 750 286 500 209 895 64 312 386 164 296 396 556 306 643 177 467 344 186 240 410 326 552 624 325 698 269 83 411 467 358 314 592 522 197 
