1500 1844 3606 2165 2258 744 1969 1977 927 2301 4108 1520 3291 1245 2789 4507 733 1828 124 928 7810 3123 2268 1538 824 238 1665 924 345 3717 4574 2805 2154 630 1676 890 2700 3736 1920 510 1239 124 2251 5373 1002 1601 3111 2242 2084 3029 
4927 6484 6456 1020 10770 1255 7373 3243 9036 4698 2460 10336 2014 2143 3798 850 4014 3410 2429 2698 6914 7474 9896 6187 6579 555 9650 9804 3915 4509 1909 4799 8163 3043 7089 6460 5656 3358 1311 8541 1086 4076 1265 4230 3097 6961 9975 5977 6485 5896 
7595 7448 6724 3122 2405 5952 4655 5187 40 7357 8594 7254 15127 7845 21590 6025 10974 5526 7060 13444 3164 5726 7896 5821 2943 1389 12731 10054 9541 3012 6015 5215 5639 9475 7761 4183 8310 4419 5564 8084 7913 576 2715 434 5548 9167 16722 7004 5955 1801 
7029 17515 9486 6453 8431 14008 12185 6794 10309 7322 20919 9095 13648 656 6962 13382 17885 17089 9225 8743 2351 8958 12067 64 4164 15428 9127 8549 8734 8870 4786 7424 11492 4149 13002 5822 19548 17781 6787 4309 13352 7927 20015 9469 15700 9128 14188 15198 6654 19635 
14781 11735 12734 12414 5372 8801 15569 4202 16977 11603 34818 10537 23212 15548 2302 12350 4230 7861 12289 8921 6073 13385 10729 11996 19809 5076 11228 12717 10282 8420 13629 11233 28446 11651 8030 2337 11369 20836 5017 19127 12801 884 5243 29908 25001 14658 11302 12746 24929 13838 
10031 17510 12019 5431 10914 3603 8262 9184 16909 13841 6392 19738 9138 14244 12103 4603 25136 15293 10275 30470 4946 5713 33451 9947 18740 18134 21907 5886 9003 28465 8362 19250 23228 19237 21178 17751 28599 32307 13765 32163 7081 16063 20732 5466 10846 15032 13191 34596 7855 7293 
16422 27570 35863 10684 38494 8481 20716 9005 5687 13744 11785 2675 5543 40901 7711 11230 24884 10384 16238 11661 19996 9326 23249 19872 20951 18836 15167 37807 23117 19442 26951 7643 6459 21272 18966 3735 13031 22052 12277 18681 2084 3565 15990 17201 13166 28483 14221 14671 22038 10233 
20400 34894 29423 25099 25970 5630 26604 22935 10916 15076 19882 27079 13387 7843 19340 16018 30615 25775 64642 26772 12728 19611 28731 18541 16980 15901 9705 16905 5366 32014 29794 5314 20496 33716 14726 23061 17332 3816 31686 30080 16215 24743 15223 18121 17588 23330 24282 7644 14263 26776 
13753 26356 26155 22985 29487 23612 32516 24645 155 31534 6327 23456 32368 16648 8275 22133 20335 29975 34202 27160 47325 1694 31855 10102 12587 34300 30185 15269 32168 39599 28684 50977 10967 34889 29236 10177 13445 1822 16223 26301 38173 10143 5624 13295 4677 34290 10325 24967 1618 14869 
28800 20469 31800 17853 38519 19148 45017 23593 11437 20721 18009 74551 24522 5849 22032 33439 29981 17783 25771 11542 18395 31278 6241 17935 357 7427 23413 26902 19939 18292 22418 38429 15138 14489 14716 245 8635 24968 31795 40613 49683 13467 14085 16776 24654 44925 14951 45663 69768 48847 
40321 35963 26033 33125 1875 18699 33765 17516 23924 17420 38307 28069 4525 16989 14926 33544 38538 6609 33151 15573 13748 2591 24844 5110 14977 19355 23056 13504 24280 18279 6483 46867 14956 28524 56083 36930 12498 28583 21581 28080 109616 15135 57316 12433 34449 34446 16544 39963 3286 62897 
4267 25815 67392 18934 43425 27386 51776 18049 29489 56039 53700 46209 22756 24687 44611 25778 19860 17590 40765 23872 20170 100 35363 48347 24319 27646 46163 75946 44655 17327 40048 83313 37198 15165 11823 23176 32930 34749 11826 15993 30420 20099 25704 13378 49821 20700 24796 13052 3217 27263 
32271 26285 53323 23443 14427 27689 30805 46694 56527 11301 49352 5600 21819 24483 46050 30671 27587 33220 43066 44633 2451 24331 20436 35349 59390 57937 32490 30737 40286 27810 24850 12572 26037 71153 52484 31622 13415 69387 19968 37804 40634 30964 42594 28622 30771 10050 37071 15822 24635 38072 
48842 15482 24047 10241 9283 23702 62421 50619 24561 23783 28854 42640 7169 42406 40578 49027 44594 40510 19438 32378 27606 27192 27546 61679 69836 75839 2225 30229 22117 48974 29540 27193 39053 6495 43217 11514 24948 33088 33325 42401 3607 18011 42188 11429 70074 21740 96647 4871 74208 23874 
25467 26450 64714 33853 2833 20631 54477 86437 29457 90128 19137 7289 27693 54852 31106 34378 52759 31088 35458 25522 59985 15230 41558 38240 23791 45662 27816 44240 15058 51161 10641 58006 18284 41270 49396 38012 55451 24636 29133 49145 38057 32952 22019 49145 105688 28558 36110 15042 69526 17062 
20779 63717 31471 75412 23644 45410 9226 74460 26539 43904 8457 26626 14388 116254 58998 26133 14538 63982 52015 13750 29342 6989 55466 77019 41503 97106 123059 16370 31047 4000 46604 63318 27933 7146 34715 53445 23132 30751 24719 31057 60522 80716 6035 49233 62381 63661 73114 561 55875 52651 
58546 19125 30160 59529 64735 45676 69186 83085 56255 31998 26579 16259 69834 21946 28038 79754 32884 45498 11967 16622 10810 30293 56567 94030 61053 21968 31355 14849 52446 55095 50278 25261 83051 48195 56821 62588 57351 54934 53240 70947 86893 18033 61400 71688 47661 37785 47287 59330 34005 16632 
37534 34651 70483 29256 35508 19864 21747 60110 48856 41551 77410 30864 55097 14152 57623 18684 79545 53406 58684 10825 69440 74262 58138 28976 69952 58173 9444 49086 97994 68288 84958 70428 39464 62239 25621 28995 37297 131942 65249 40469 37813 70200 62640 39378 75761 48027 47619 14876 50747 12503 
19082 90485 83626 85244 13948 41512 72049 65984 28685 12863 44511 45878 21878 91468 84702 60807 18539 63601 13898 64296 42306 52767 3449 74302 83171 11262 38088 5580 78933 33594 19557 32614 20303 51369 62813 6640 53049 22925 108547 78163 41832 53039 41824 64058 49172 29245 91014 45624 12483 55431 
3878 47053 100846 85046 94835 24016 34737 13356 148554 87254 74492 31916 76121 32191 106818 59188 125350 61920 45932 17881 30585 48065 32236 11383 14102 46644 38578 45197 63043 104659 35076 23936 51694 132411 67635 18451 850 105783 10439 41637 22547 104957 58089 82704 51401 5648 30956 49141 115982 10488 
72918 80122 54399 12345 60883 64076 17597 12877 39923 33291 40435 48026 50558 27446 41824 117281 75584 29366 92541 30048 10777 60658 28010 38201 84422 337 43272 51047 67646 18546 76073 79279 29414 34164 75216 34568 85551 62990 60739 87564 58054 78520 23566 47719 90150 40109 45020 16421 22875 10866 
20763 111236 68784 18906 17927 37305 13193 21795 62542 34963 4734 118341 85010 60165 46247 44507 50304 56038 59915 159981 88126 36583 66286 39769 76690 94705 54496 45098 40154 56943 75573 77264 22818 24722 45001 15707 61509 46059 87746 67049 2379 31462 115261 47556 16515 44000 41629 40268 67713 49216 
54139 64995 53855 74742 44473 29691 6168 61838 73325 51008 76483 157467 4759 114933 66859 54407 62133 23714 64965 108102 13563 30722 15284 52903 4562 103538 77118 15811 81248 65651 52345 60923 96938 64749 54955 55155 24989 15719 64973 90933 169589 76799 71697 81707 138447 59030 70143 22608 70392 54586 
37183 50469 58214 100044 72602 91311 82178 103495 100146 37031 76584 21719 27208 38679 105087 96949 58985 48601 56246 23200 121229 74657 40204 40873 146598 70055 135210 27907 99798 21279 82179 97604 50823 39093 34506 72353 96277 66614 57576 32498 67616 25655 53581 62269 33096 142291 45439 20983 3660 57177 
76465 82350 13393 74117 72662 65984 101244 68704 71088 54407 125252 111219 59400 135349 19315 94297 159098 29358 64353 102114 173238 87725 70049 15663 97768 98506 90564 120409 53546 133889 56734 105840 43676 178496 11756 135605 45305 99268 110784 24482 102686 89383 32584 33682 21674 41783 104350 68383 35610 87324 
4022 46374 37073 63770 9029 72674 146759 44390 81093 55146 95946 63051 120606 75464 62678 72337 118781 85154 67484 53666 33169 47809 186396 130397 33977 55730 43968 79931 67270 122380 158953 62622 89869 191891 19260 11757 19533 14122 56509 33043 111910 39843 55421 128260 85693 63785 72434 101625 10693 121069 
24231 37823 50992 86626 68235 99271 58030 72987 41808 152185 101104 89666 63083 94940 114368 92915 11393 90344 5314 84231 71537 51690 19352 2585 189521 107524 60606 33152 72968 83377 74683 22265 105460 54234 92908 70914 98668 47148 114442 103570 45960 87053 100051 35659 89294 31163 28081 52317 26555 11538 
73638 264341 36912 97374 97385 85773 86618 18795 127173 97277 134403 178798 35414 46887 91891 99682 9588 38869 96300 6596 218119 70012 19737 70829 55205 103022 109684 104815 131347 153000 103855 71069 40947 43918 132476 155052 2758 35565 86584 110572 102282 62779 58986 85405 110505 43819 92116 65783 115219 129905 
29377 116911 72238 68135 44431 18347 42886 94503 9631 77142 35247 38086 133843 87872 29707 57339 31254 164723 64145 119757 170652 30423 61296 57351 47076 56709 35434 85658 59281 44561 23457 64473 120720 45713 211727 78564 49749 82367 67310 121479 125720 58613 58000 42069 154688 2891 113944 27538 12185 29868 
81842 72522 45934 47511 61647 50644 127915 76518 146251 80129 187507 40509 23727 86557 140076 156610 128221 119303 76308 132745 61286 111518 91019 21144 67541 67650 87858 26363 107931 128356 157022 160293 126450 72660 149326 61303 52143 49896 29125 24037 24022 188549 42083 117654 119196 53596 141506 63857 44429 23751 
139871 39985 5982 34459 24102 66554 23552 72903 79189 118167 91058 77512 34462 98720 24807 52963 115084 57274 175466 121835 11086 34193 20320 35719 80670 133435 66700 31963 123201 141666 151001 42483 76616 65482 61998 140723 45059 56656 60826 149455 28736 274635 66095 109309 76381 67032 25246 25182 21080 63833 
56953 124830 89744 23531 10510 53129 65772 91868 45613 118074 91172 101020 155717 8614 75976 46507 120596 134165 104326 73463 195060 42560 39169 134616 12014 66403 70871 36888 33057 59097 74046 34412 109952 46063 87607 131212 111307 89612 147669 123435 66286 78606 149307 65058 54205 167871 81815 218433 46016 66181 
108678 123413 96073 91303 253105 40243 90049 54650 162483 25641 32064 73932 154966 83913 83825 150025 161102 43909 61022 17722 87026 142886 33038 105723 46129 72293 65169 64582 92004 92735 102167 23643 94324 104304 91678 24698 112665 94477 39394 95220 98598 60009 110238 71146 77968 51502 57570 36625 66765 99255 
120160 86729 102234 96391 35810 62413 159316 85732 8342 88824 170174 26161 41531 133753 149203 59532 152267 138829 143072 104775 109502 128036 217106 69511 76879 33067 61655 5136 139695 55726 64810 84035 94283 65714 126113 72522 30562 150792 121302 54471 85661 180717 145134 94272 126040 65337 73531 254916 134024 54110 
34856 36256 52900 272837 223464 125691 34668 221602 120441 62370 68932 75411 4675 353850 104496 1821 151401 69649 31105 46499 135115 111979 21636 71110 91935 38636 163265 66243 47488 9733 91596 48919 37805 90954 173135 54923 64241 79690 63730 98276 77610 178976 16349 92664 22859 90712 186310 41518 57669 63029 
99747 170171 63218 191232 17206 139328 138182 143002 56815 111086 117900 68779 83319 127598 103195 93198 65453 141888 65687 126432 63102 26679 177254 111539 121724 104484 132811 153194 119257 66230 58226 149150 96684 72076 71072 78267 60251 106920 99689 49670 139545 121092 143373 86405 118905 120765 138185 141397 86581 82525 
113669 172052 108761 195726 67822 106223 141509 50089 59916 51813 9410 50653 53324 45345 102484 22963 38462 28907 117764 54635 5918 186896 182640 90705 197005 117713 96429 52593 147993 121951 115498 78200 85378 93353 144146 70460 34361 70084 99555 42097 127719 58711 108519 42650 154970 112151 33214 54642 95440 103958 
37669 153583 134807 16312 84826 72462 116372 161323 53662 67064 89973 29358 84150 63425 61529 63370 109142 174006 81679 151132 9289 24585 67439 130082 7533 104690 122208 57860 62021 144759 110022 94275 113851 132954 59488 185989 73643 93875 87150 95076 109157 164271 160989 70506 50191 154080 70695 101140 113842 170557 
115415 175160 188248 83803 21929 226152 189375 123692 71522 131271 314215 177031 223661 71525 204582 78718 8 66219 159430 51556 43283 135009 118416 62851 58958 114912 66394 28120 76687 45531 152178 75940 152389 29901 64559 113086 130951 74426 55946 344157 101600 301518 78058 77779 41600 37342 214734 45471 230098 244802 
201097 104287 121439 174629 48457 52055 78775 145309 143658 123732 126673 15000 192494 50682 108574 107939 11177 50727 111152 50300 144810 98810 225277 165111 129432 94039 20779 184172 45105 72727 137331 144342 175469 85833 194899 119725 41379 130483 27623 96967 40924 73562 28854 30906 127478 182800 116454 209925 87558 53075 
111272 76833 127250 141947 136139 67104 23880 77816 83168 139884 129632 304 114004 42461 222472 38640 78241 122450 73544 15350 169725 152235 125277 344419 161999 117509 113022 111760 225551 83893 28075 70473 211992 34226 115935 143823 212697 140364 121943 74183 211979 149374 175423 124381 81207 85944 80678 110379 59241 122203 
153606 127535 103429 144625 274767 50622 146309 153775 102963 48667 147817 120513 11710 125573 56194 138618 120563 55451 73870 196983 97308 158678 107334 111433 75536 142179 81753 141393 41507 137895 58970 86049 62106 156305 224098 106363 68724 160565 108329 211005 46892 130652 90631 69122 210736 79492 11640 177445 72733 68716 
64122 136788 30161 122791 128147 104789 247378 69239 34635 40397 154790 28285 19053 130194 128624 199940 141162 23815 66752 90417 114006 209963 106286 175663 184207 52162 33288 76832 137617 112937 103667 105790 15284 100550 104413 121773 175094 278264 148851 110760 93876 58890 125751 43747 206972 16570 111866 60957 17483 122047 
75211 201862 255725 142327 83391 86575 50355 85692 126848 188832 156116 69218 104391 71759 47636 77788 76496 131342 67345 166018 44483 30167 108208 65337 99680 145457 127702 100717 47329 201620 115233 120212 406029 203516 109244 76065 94079 111316 180710 160276 33654 141092 89894 185772 18524 50448 115558 68358 113711 161977 
94267 188695 54374 143211 66673 96110 161445 163062 87712 341826 52103 130715 48405 5953 44425 244471 98646 53068 123592 159430 106668 60798 127754 43184 58292 81744 64049 86745 126471 65541 128893 135268 165070 103186 181971 105686 210136 325099 85165 60628 264068 177875 39164 145966 67749 113538 113477 219270 141753 198912 
90317 51963 106551 67537 211706 96521 186340 47308 28478 65628 131634 130547 41731 261768 101534 61879 97815 184767 71233 40792 22402 62007 124409 131554 28482 351357 161614 73580 230840 40312 239964 95655 97444 251720 109354 254557 130028 138001 66568 92161 112151 172046 199286 74947 56856 125529 290851 130981 162039 150246 
33695 80265 116750 70136 76659 183912 43897 26635 158780 80396 100586 149280 82156 93275 114551 339131 143949 19159 175521 132005 129277 100254 165838 254138 86570 95898 18698 236232 202641 37928 279697 97406 98528 131245 107374 170064 17609 149962 176174 127297 110183 144570 37324 14858 61851 125955 134406 153419 115156 159006 
74610 254986 202953 148291 67957 147546 93365 137286 155398 192209 110172 87614 183358 155825 55818 52366 171184 99256 199815 80016 173630 43816 38794 106302 168800 161104 124376 177857 57177 5265 171674 83670 42012 80881 286 127124 125254 144128 71151 13354 145732 72885 147643 230385 158632 86534 19465 94649 146408 59571 
111194 216835 121408 157486 79096 151606 97234 13330 130644 90122 185550 43046 128922 74107 139900 140074 86533 204814 119645 100960 226893 151875 62737 126821 207207 141723 148007 78769 120530 128014 138046 104809 43857 147671 159526 221836 189492 141722 62597 101568 185770 197791 108217 240413 62709 186981 18851 125466 131089 294055 
110596 134425 85513 95814 186008 168620 149777 99406 182674 147810 166669 46762 108039 256790 247217 9141 11001 207547 165954 287625 78139 115720 209811 143625 149809 74387 167190 64211 178945 121777 215138 52606 142186 290355 317541 185009 111793 124722 151199 39417 273072 154422 138401 60593 30062 157819 99511 181472 174124 116079 
85655 80712 275303 124952 178251 36384 139350 165306 200735 119872 97647 153998 44709 130528 65549 372353 256542 153320 59717 215095 138108 188118 111978 185638 165255 158100 130235 140885 154553 188052 40007 55168 120381 87145 29295 138854 72496 115483 217017 147876 269134 88151 4410 112353 263928 167761 180928 195246 72501 209533 
165838 165051 235316 52822 143414 84183 93235 75165 166086 129304 175524 212655 189749 129650 133684 101283 199366 113260 130424 205650 153419 132583 27680 120039 158061 136161 170279 141000 194206 53246 20665 62462 121304 96136 147132 78121 141756 102211 319383 75119 106280 65213 213756 96171 99980 63979 186872 94372 12636 76101 
87696 86482 108631 78300 191489 157603 119114 100568 168892 56482 156481 92272 133082 115562 232991 128975 77250 84689 67349 59964 190331 104330 85923 171916 112295 281001 112664 88789 128212 165085 156740 159793 82540 74965 92247 137747 188619 169380 42609 215061 135523 141750 208009 182661 182751 119963 164636 349847 97249 200692 
68639 76626 387390 117288 409976 40291 159710 234041 113471 127335 135679 159688 101221 154496 119906 139302 167696 103554 98487 235458 45655 63240 154525 104023 62592 90911 68458 71182 219818 269131 41551 180046 149551 27052 79085 264451 389910 90736 211804 146280 255202 273561 204062 351438 290282 28244 205982 43087 136320 247870 
88702 106823 143676 26550 97039 108856 137562 164415 184000 189821 61583 193829 83935 149717 134876 87976 401856 105224 52099 180911 205325 126138 148856 205627 253399 190601 18141 56331 175396 174037 165499 92196 291057 209295 20817 298484 124778 90781 139263 156163 94568 205839 123985 112337 137609 112766 159869 55763 215427 73621 
83814 232818 113926 184300 25190 114569 137339 280422 165394 133729 145549 192389 170207 161842 228294 60005 243184 176266 112474 136400 156893 142559 269474 202628 99540 51581 112221 314561 248660 116989 168519 60476 22293 95896 315354 194889 260071 122211 159907 129232 208068 164749 229298 176886 109139 190335 221949 239094 266544 1537 
84324 383837 72010 217781 36228 147013 241787 83230 144544 135499 133494 87631 192618 170440 120153 160523 94684 79888 158977 143022 257062 72223 148218 101315 190461 222225 157638 114606 135776 165081 224105 112202 67407 269276 286097 70065 159369 206849 258478 106330 33942 250389 176756 158029 214053 249571 99026 105890 163743 230391 
86208 203865 139376 109794 104524 255140 164040 196144 191016 91360 42250 90260 75523 286092 187830 173390 124454 101922 266566 337109 183746 55023 123034 261261 162097 211808 36352 130847 178241 105719 296291 131669 33474 309618 113870 75434 93897 139544 130421 200448 48697 13649 147588 224104 203007 90586 305540 115941 174626 261196 
221535 153151 199182 41026 122917 269293 124529 132293 306376 121564 327423 209606 210163 552417 151464 152935 62629 321793 210979 203973 130497 111645 126837 238557 156960 203563 323780 269568 223611 199105 195924 93306 92348 116506 42934 155979 321283 70731 21976 145208 195950 247360 219879 153489 124317 194939 253295 288003 203812 169769 
116009 257728 179178 120588 78318 76789 85275 91791 214962 172146 264512 4278 186502 17973 296639 191915 136379 74772 141210 192736 309822 146555 96204 312304 98260 165379 56903 69745 152035 21215 327685 29317 221404 128207 122389 45243 335867 218022 49421 184871 154882 130385 267280 326997 118705 289657 99670 555700 203301 198693 
146204 305597 311571 122701 132346 129403 223534 182014 26339 172513 89200 61932 48582 90233 247220 133807 141645 194314 164302 28668 84898 79463 146865 48951 259562 203248 198002 65869 297804 109302 258860 226207 336742 12072 241763 119064 413968 27079 236577 100528 191979 228531 111393 61986 68794 213428 196003 33389 95727 253426 
164241 149714 273800 108545 152800 221474 200152 71702 148437 293512 198913 230415 271790 117114 343380 233680 156534 119399 280527 30138 194993 49757 81671 82478 269466 171771 182184 134697 236708 155555 107089 91077 188436 177860 5835 197820 118290 60636 125874 190306 348577 136228 84224 201341 301097 289943 153272 238082 145511 48910 
220419 392275 245035 332289 36008 226912 162335 10586 151340 16786 368735 212449 173967 163885 146807 183375 225717 257038 306500 466872 151978 10662 189639 43740 64218 240978 89902 191400 246054 159425 136577 225958 164148 242641 129490 24985 430258 71274 226489 205314 84338 44480 201212 134160 494331 63009 430809 286457 51699 47088 
383336 122544 130446 220819 67135 126447 170524 40213 269055 213249 199757 163122 103023 277070 316234 228382 245210 135826 126582 67595 152215 179751 86604 339874 25120 86317 19573 148689 378623 213204 49276 277581 212366 158369 283128 235837 179812 33646 168609 19263 305959 226916 244781 183250 124310 174958 169558 196817 145596 138204 
117674 206570 326596 28999 118226 249316 194896 62235 130710 331821 265565 155960 340321 185291 190269 210725 54477 245328 168493 152752 86351 294060 62956 266437 71392 190136 231586 98480 81671 215295 206591 142132 73472 295353 188682 173744 166037 259195 26980 207140 278921 189533 346323 139924 37995 21496 193467 315419 381557 269380 
119563 196496 110922 289327 145429 26475 357578 135716 190996 198455 99140 244674 246796 145456 176901 456908 57080 232765 70852 132357 34808 277003 58642 55905 242400 90779 177085 175139 220405 150919 333684 325571 313246 245019 124176 278486 38794 243867 192637 49744 208847 43358 172444 128226 94157 115438 94467 240035 49139 514707 
241945 169466 155326 440513 564680 265507 212380 631274 54453 116310 325708 11154 321224 89961 154128 277430 91002 125293 187122 107569 203682 250789 328739 226461 408081 137546 142285 47122 222632 59253 103830 211052 137389 117452 221536 234309 274677 154907 287380 214643 65654 210423 145029 254434 111634 22929 217948 146299 171408 333998 
145670 346826 285805 333077 228354 217390 142867 75215 92265 327182 209345 296368 269378 58868 219186 131465 372072 80755 68046 153096 146654 90112 70221 137938 6209 21703 29489 414659 254473 40943 161938 364663 380154 150332 80218 66734 306295 218643 195796 94252 241736 359602 138199 88548 345255 107072 185809 63306 103934 439360 
21735 64411 106558 156189 156786 98770 416068 42812 111619 304836 149963 333074 210644 261983 30376 34967 205929 162828 149810 320372 58645 198497 95989 244912 110709 266967 136060 89363 205725 148651 292832 62934 201831 81046 187288 420070 74170 54752 262161 10889 36653 211795 217142 90950 206775 47866 167816 16988 27165 197943 
89877 83069 119418 644300 284007 430258 166632 47692 207791 206464 187573 253806 133713 279066 114954 257663 67387 92556 103273 14964 312096 149565 241339 196372 107858 135008 29494 332061 153185 31028 16931 201842 203197 22788 193667 161470 118142 236193 23430 225182 197981 595641 305504 227539 406462 178146 162287 94161 324620 157060 
145172 262034 68911 198978 172531 370767 423224 178714 182064 90693 176522 255074 67300 178041 250977 125265 234291 167568 166852 133857 179266 88997 53885 192876 27436 171435 37323 174172 190190 247994 242318 75434 191471 24316 205564 48754 271102 319946 278048 179879 435824 96357 222752 144546 84563 214309 134479 148518 395827 142259 
29796 48536 170029 74033 233050 13293 134413 31013 82291 186773 391462 139523 193474 133094 47441 171382 127311 113718 371552 55419 234093 174975 217766 192080 276994 313946 414895 229621 235376 291368 117892 230580 320387 346616 281702 261968 205674 188022 452481 103770 135338 304836 299536 130198 132111 116748 110750 69491 214358 116452 
393714 119266 279974 226003 111270 83684 251706 105200 263177 393674 434701 151625 122421 144245 338267 83540 80927 227174 302055 19469 195207 145928 188946 371834 330788 467054 126478 117782 159404 7131 98139 346147 200506 205847 69806 340893 136221 183118 265747 276278 302337 259341 206487 176194 170424 160339 238802 197551 198917 216302 
167911 232698 192186 101780 159179 234071 257181 17840 307803 348526 110789 338429 190715 201451 382061 257751 192470 228331 114504 244507 234738 201199 86569 294824 326681 144152 125588 93701 232242 323535 158084 77678 430319 171159 182363 145979 96277 493977 175505 187530 163749 378602 282253 289606 16540 132550 164467 257310 226503 102939 
149783 9917 261225 222840 161261 87521 42388 152510 197183 131675 251029 80791 155600 55484 187881 382394 73061 339426 182422 225959 278695 298325 198404 176194 94056 208321 154479 316729 112451 167597 214199 87617 195137 428616 140010 160262 191374 407169 157534 203036 209194 57411 186921 290582 394572 197958 46818 268528 400394 133181 
246309 253207 535402 306569 114940 197099 208634 295705 447747 184791 337404 202915 213640 223623 204565 307991 181152 154008 87688 127201 51876 400644 142836 250165 165203 327607 550591 65686 194652 321598 437593 198681 219359 43452 80035 572716 206945 294271 56702 345990 319489 160354 129363 236630 213342 319366 110768 133579 353555 130572 
184980 92170 72030 241201 81133 218382 148734 176776 234381 215123 230822 140893 259404 264221 284847 183985 203674 165728 130127 165928 78590 237986 112769 82374 247432 159742 201864 146104 538677 267225 284886 106566 496658 163359 148418 218151 187804 116122 416097 428789 127749 49656 191927 267844 92476 397835 215317 114436 185017 266429 
290833 334529 259323 282830 197698 124494 252161 230247 209962 263268 193426 263190 88154 34302 45258 352785 187754 7755 53633 182531 112687 237052 171490 363633 334013 213043 68217 476125 151348 312832 219856 183877 265386 77547 118504 118255 206848 239336 44627 420009 239838 490533 137885 120330 424139 2512 585786 93399 145799 396120 
11717 80944 101556 238501 8303 384768 273789 138616 332659 101702 197322 202949 369882 92839 49026 82220 107669 362373 246716 195428 230845 277040 216651 312021 230372 337886 136357 248598 258674 94258 142119 71431 298346 349135 339613 371554 342901 38368 435070 275532 120221 185441 203897 169973 438561 84082 176521 488652 325244 300406 
304290 292448 120598 246432 235840 195566 187173 72750 159568 450336 252560 181577 181379 149539 374335 99290 165077 212824 220692 221649 243775 230625 281011 371379 29598 295708 193680 344450 171756 361074 97606 238895 158308 172105 159835 126298 261583 396361 231901 165668 141774 207267 213576 197290 280713 433637 405179 276268 615880 184240 
40688 318348 378785 7330 283709 338890 346641 292414 238025 67206 90259 92294 342050 309769 391905 235765 330259 305885 303608 257583 58116 226674 135537 303175 273659 293389 91924 238647 188043 333780 232950 203023 224527 433615 167154 176638 141466 267184 184669 76358 192537 219919 93661 58873 227736 364186 73813 207609 192884 245664 
190457 301590 298416 244128 259639 129868 40968 56824 195234 337485 299927 423406 249119 135077 271637 224420 301774 168349 227967 59408 109293 69857 172930 177523 242318 177752 184319 475057 80221 573861 117605 232781 272107 270860 303100 87990 59133 141661 165807 291116 255198 160770 565160 240666 89072 373025 124485 317074 208503 202320 
301382 187214 168517 356731 263571 494833 220382 305028 331776 431130 205953 303103 330256 134086 159465 89486 113824 78414 204679 48800 427160 237322 133771 197231 129014 41332 170560 139347 141980 172307 236135 418108 105014 27704 25462 82863 450400 156904 85481 178538 64330 116279 279700 175506 156386 120571 374203 126257 285431 319949 
439597 477062 232171 416317 267745 364823 384799 161438 269032 439027 237038 197321 548702 55646 247710 112632 328955 275090 187969 119482 299838 238966 161775 209971 211585 315053 109296 116002 235862 300572 239207 284833 335922 170375 285831 499567 294787 219181 181895 244962 119449 151627 272057 290862 95149 362110 292490 124064 125539 212417 
64211 330838 386345 77277 424010 324010 83135 82633 282929 256966 266646 209131 144348 373240 246516 125332 197524 635128 109958 157370 258735 299947 461958 422094 238660 203925 242499 273800 383381 11390 287085 180842 100074 328486 527292 90744 290253 200041 166490 359697 220386 231260 141600 304604 154998 386102 99827 309174 448424 263309 
254430 305392 170653 148630 114407 316327 252446 80610 156047 72036 273613 157977 102636 233514 273920 207173 259975 93240 93938 214706 111089 65994 143224 194684 612559 35061 365805 94929 162852 315857 354030 298336 20897 468161 201787 321319 117162 452483 112946 360553 191604 386524 242873 512790 114742 292000 150296 161172 333655 130745 
501517 136410 7875 330236 177491 164316 174390 253233 83092 131759 279876 634049 333011 159798 168769 160410 222255 368252 330710 354349 236552 203887 116319 412240 201954 35510 224084 399885 294648 148595 236444 11594 128487 134930 1654 178340 311662 225995 32334 190095 195987 245347 241033 393357 269654 235842 330046 410942 321732 189714 
462716 307305 182590 319202 236414 307806 168521 385535 268102 246480 342415 241705 213500 113293 406484 343361 185853 104540 180631 248547 48228 155963 85458 118095 251239 217046 157760 502426 300651 290289 272986 32788 519944 73325 218169 222281 109367 225886 378286 170929 230510 255722 302229 188080 83012 183533 166143 217371 248324 248578 
5576 223575 364768 103725 115011 223480 194707 138564 474408 123633 198655 89924 49689 24983 166590 31789 162401 310060 235374 502891 350103 224142 329383 190862 384767 170551 392153 249622 13567 207746 406206 362816 264888 213257 144820 366305 836633 189133 270112 154738 384744 261707 126073 158570 201223 253502 323720 492570 321840 90313 
455261 194640 523574 419427 775487 291343 114655 278325 208445 188531 11004 135460 376412 273479 211489 220746 187281 152085 314103 2845 309706 107676 105037 228209 77443 243678 390693 267257 219930 286589 286607 222545 6990 330602 283693 176386 374240 79710 194688 236507 201692 205526 351744 126046 341166 39028 201245 398818 239018 549484 
372738 37363 215401 274090 175386 279211 232630 136856 219149 28802 464049 380451 377996 555142 87112 937014 326462 324672 118720 341777 402057 293649 50606 273362 67881 218094 379783 318461 155093 285593 195349 108353 9852 221147 287980 82953 512552 185961 246072 351982 406145 180005 259312 104886 206619 112999 386727 113264 217224 260026 
211659 123039 201602 153574 278121 314727 333116 188969 260547 234627 82732 188670 207466 525489 168970 65513 45238 214751 270732 267207 346817 187864 587000 72257 16900 309746 264724 469104 115418 132490 142204 187577 164630 133103 331390 257669 237638 170628 68964 144751 37843 434108 101769 252065 147829 246950 362430 84530 769877 620736 
324482 352706 453578 339579 217786 134752 287290 177091 185127 327588 120829 9111 223881 206328 83551 249835 589034 90407 165834 213598 202684 305409 129089 304093 474528 304454 288660 9628 452664 150288 80110 109834 280398 351845 122771 29828 3056 128107 173381 197558 190136 399529 212272 112922 264964 125831 295996 291784 197714 288403 
180520 208344 92071 422485 384822 275437 109277 215451 373957 203899 412574 246398 353849 165659 138725 254122 3517 31801 390829 123784 103746 345199 76623 332089 203200 271750 272054 258864 154273 589863 210808 365751 461622 161515 15426 140560 277335 264581 281260 211747 174496 294679 211706 158030 320525 189033 219487 394339 348657 231104 
331920 430091 68305 557876 345662 318467 317112 270269 339654 259462 404354 204597 359455 262988 454398 406553 272693 211603 144144 306265 81192 60441 214239 108478 193382 279127 241963 185574 355953 223108 253297 386757 268073 2208 8239 209494 436521 338298 302719 194183 313523 415415 168971 323810 352973 217268 435101 559964 219431 366572 
78883 116661 249315 172843 249757 245838 78944 421944 274051 320156 692687 337506 87837 311155 230164 263961 115001 286076 571790 247428 233251 542682 374464 278259 164259 148573 156515 476699 361999 536727 245850 365987 354878 126454 157598 276022 388244 208489 341724 162196 227636 365381 329390 99716 146148 188646 236561 188471 384835 330196 
254769 177078 433604 243525 95192 224223 223889 287044 743719 565469 140494 401535 303531 110559 199754 350477 243873 144206 360388 323576 300189 168541 99255 429447 649928 146312 228537 160234 424252 888995 436968 261126 178138 198666 57058 249029 29436 266458 202099 271720 336077 210942 513264 347039 293872 343023 207037 191233 269884 218911 
283548 216295 249896 201570 186000 252931 438460 224912 403437 448157 463492 466617 310987 488931 353642 368948 136209 494565 208715 245637 166974 185292 390199 518456 439137 129748 416513 128875 59923 426775 67639 401486 477770 181014 402600 240343 428779 297415 356875 387319 303685 114450 112913 397388 171578 146382 439141 607222 180649 344701 
272548 290392 76362 245193 333231 340784 332833 13137 370025 184027 314837 413445 198959 234865 518867 116025 259040 189353 356344 19772 262333 229348 197286 385180 385577 188665 216190 186091 251823 441077 209625 218649 155830 167886 544672 770462 182861 73388 196707 251253 377503 173816 9032 213195 205055 625807 103552 230857 84848 195441 
219270 619810 403861 184013 423937 178444 190070 83696 93218 297118 106961 298523 438426 117309 478587 157767 494877 250981 139938 306348 194711 510581 424487 132052 371017 192811 329055 69364 68010 216464 325321 64207 330970 484656 115705 166781 439288 368287 176822 412794 419426 46000 4463 26678 260530 232658 186341 155281 66791 376108 
